100 10
2 1
3 2
4 3
5 1
6 5
7 4
8 4
9 5
10 7
11 4
12 7
13 2
14 6
15 9
16 1
17 4
18 14
19 3
20 15
21 9
22 6
23 4
24 10
25 1
26 12
27 21
28 6
29 12
30 25
31 6
32 3
33 27
34 22
35 10
36 24
37 17
38 8
39 33
40 38
41 19
42 19
43 21
44 41
45 30
46 29
47 36
48 30
49 31
50 36
51 9
52 46
53 35
54 27
55 14
56 38
57 8
58 10
59 40
60 54
61 52
62 54
63 55
64 60
65 60
66 43
67 10
68 10
69 36
70 28
71 23
72 22
73 5
74 43
75 42
76 29
77 19
78 1
79 51
80 19
81 16
82 79
83 34
84 5
85 56
86 3
87 9
88 80
89 15
90 53
91 61
92 52
93 76
94 21
95 45
96 34
97 56
98 64
99 97
100 7
