4
9007 74
1 2873 4444
0 5125 8085 769
0 2572 7175 2405
0 3515 4956 801
0 6321 9422 1815
1 3805 8886
1 4090 8088
0 4301 4678 2911
1 1416 1892
0 5179 6580 500
0 719 7754 2180
1 1023 3425
1 234 6676
0 1330 7850 541
1 1565 2844
0 996 5027 388
0 5740 7237 951
1 3013 4842
1 1710 5091
1 3533 8683
0 840 6880 2860
1 3653 7148
0 5519 5955 2432
1 3027 4890
1 666 5307
0 2736 4596 2760
0 3958 6193 2528
1 774 1350
1 1004 9392
0 6925 7117 2224
1 3682 4677
0 1183 6080 1177
1 1869 2185
1 5972 7632
1 1066 2852
1 1882 6950
1 1957 3684
1 6119 9059
1 5831 6020
0 5921 6456 1211
1 1306 5724
0 77 1883 908
1 1719 5645
1 6167 8809
0 3831 9609 1004
1 4958 5087
0 664 9503 855
0 6755 9459 2723
0 1506 7918 1687
1 5257 8065
1 1329 6114
1 4951 7536
0 1954 6532 433
1 6 5890
0 6252 8805 2603
0 675 3531 2416
1 2793 7237
1 1403 9481
1 5005 8172
1 471 7834
1 4930 9655
0 3111 3526 955
1 3695 9210
0 2886 6732 1251
1 942 2009
0 6963 9349 2778
1 6108 8861
1 664 2840
1 5292 9061
1 3180 3805
1 1747 8952
1 4673 9857
0 4267 4447 1661
1 4548 7786
9007 74
0 6203 8649 936
0 4238 7622 1162
1 6735 7598
1 2229 2273
0 3935 8013 2310
1 986 1341
1 769 2765
0 1729 6495 673
1 3255 9998
0 2307 2506 724
0 3704 5044 1953
0 5756 7257 1610
0 5882 6794 0
0 3949 5636 2822
1 2862 7851
0 5088 5941 2519
1 2075 5630
1 6330 6395
1 4620 8146
1 4171 5205
1 3905 6174
1 5044 8816
1 5802 7094
1 1120 2985
1 6737 7734
1 6437 9687
0 6072 9713 781
0 3456 6679 1348
1 21 9596
1 4766 9408
1 251 7454
0 6587 8531 1267
1 1972 3047
0 5891 9870 462
1 6073 8892
0 3497 8014 591
0 1577 7849 1931
1 2751 4383
1 474 3965
0 5271 5405 734
1 6888 9305
1 2428 6923
1 2412 6723
0 4309 5748 2775
0 5533 9235 577
0 2663 2838 2987
1 6014 8541
1 5108 8490
0 5461 8640 476
1 5342 6310
0 2621 9648 2011
0 3497 8555 2164
1 6846 9431
0 4986 9401 2994
0 1121 9427 634
1 5174 7512
0 1390 5893 2874
1 1322 4577
1 1789 3361
0 2986 4008 1017
1 6537 8301
1 3092 8683
1 1281 1530
1 2371 9671
1 4120 9152
0 1280 3779 85
1 6582 7619
1 3455 7320
1 4163 6661
0 4883 6465 2465
0 2948 7213 320
1 4974 5174
0 3074 6896 1236
1 6712 9492
9007 74
0 3686 8389 211
1 604 4581
0 3809 7205 371
0 6433 9762 909
1 6797 9322
0 989 1202 565
1 5512 8798
0 475 5709 2514
0 6068 8470 650
1 392 9111
1 4829 5609
0 3052 9371 2992
1 732 7184
1 1224 2398
1 5039 6656
1 5436 6786
0 902 2086 877
1 5511 7078
0 3881 3922 1950
0 1292 3874 482
0 3984 4383 2094
0 5392 6277 2293
0 6128 8210 1997
1 1778 8294
0 4401 5308 2322
1 5016 9471
0 2306 8036 530
0 3494 8202 619
1 2519 8884
1 1294 1984
1 4636 5828
0 118 1107 2794
0 3455 6721 1779
1 3986 8142
0 282 5042 2887
0 4315 5579 955
0 2924 9517 2797
1 6376 9250
0 4935 6021 1478
0 6837 9813 1920
1 6093 9952
1 783 4552
1 834 3301
1 3170 6124
0 4841 8704 1365
1 24 8174
0 736 7596 1361
0 6386 6851 214
0 6686 7796 2259
1 2562 7105
0 1995 2115 894
0 1277 4291 959
1 2411 5742
1 385 7629
1 2783 5993
0 4444 5101 2348
1 5289 8943
1 643 3065
1 2668 9019
1 774 1029
1 141 2033
1 2821 3264
1 6580 9234
0 2650 6539 207
0 3430 4064 1490
1 3750 7167
0 4635 6182 1712
0 1028 6215 1294
0 5628 8555 691
0 738 5634 1050
1 3078 6402
0 2994 6953 2367
0 3112 3308 199
1 4650 4933
9007 74
0 1824 4266 2042
0 2819 8515 2369
0 2305 3772 2892
0 5452 6772 2710
1 2819 8979
0 3357 8240 938
1 1185 1478
1 2102 8078
0 2004 9225 479
0 2200 4055 1618
0 614 8066 1897
0 4158 9861 1944
1 66 8939
1 5879 7766
0 271 902 600
0 638 7498 2648
1 6932 8902
1 2680 4332
1 6998 7750
1 6548 9700
0 4557 8378 1090
0 4106 4687 201
1 11 4907
1 2222 7428
0 579 6063 1634
0 3292 4237 1902
0 3912 8730 1795
1 1264 3372
0 306 844 2958
1 3900 6261
0 2665 4116 2909
0 5688 6449 2390
1 58 4800
1 3702 8726
1 2092 9999
0 2767 3654 2879
1 766 8830
0 4702 9977 2277
0 1912 8094 1603
0 2440 3408 920
1 724 1236
0 1629 4273 388
0 3676 6301 426
1 2063 6958
1 6496 9916
1 3372 8410
1 1012 6014
1 3568 8866
1 5 1842
0 3090 8474 1703
0 4321 4604 205
1 5788 6658
1 1119 6300
0 4583 6550 124
1 2670 3216
1 4567 9654
0 2951 9256 2554
1 455 7061
0 3740 6727 1860
0 5782 7909 1161
0 1885 8278 92
0 5793 7217 1764
1 4278 9893
1 5265 5531
1 576 3573
0 1282 4114 2507
1 4825 5555
1 3847 9596
0 2758 7637 1900
1 870 4706
1 3179 8597
1 3395 4999
1 484 2396
1 1782 7421
