79 5
42 45 15
11 27 36
61 27 47
61 53 90
39 76 91
72 33 14
45 30 34
29 67 20
73 35 57
64 19 100
44 60 77
33 45 63
55 27 94
7 62 38
18 21 40
53 13 43
37 58 21
47 61 77
51 54 35
58 38 19
12 56 66
35 64 94
60 14 64
32 20 49
31 13 7
26 65 35
28 23 87
15 26 78
47 38 97
58 69 63
14 28 22
48 41 52
54 60 0
5 72 7
74 32 95
64 13 88
36 66 86
36 69 13
48 13 34
12 9 94
39 26 19
79 36 72
60 76 55
27 32 75
59 1 75
9 40 41
56 75 50
73 14 45
7 21 66
69 17 42
70 34 90
58 22 23
59 29 65
14 4 39
76 43 46
45 12 83
74 56 87
77 54 68
36 10 10
3 78 100
46 58 68
57 21 0
67 78 74
1 20 40
50 31 5
24 7 72
68 70 83
34 18 9
34 52 67
34 27 84
2 15 60
8 9 78
37 63 85
62 25 77
49 43 100
14 71 77
6 25 30
16 52 91
