294 2
73 29 58
23 50 90
50 193 98
167 228 65
171 190 7
141 100 46
270 240 7
170 294 36
237 76 27
43 169 18
276 241 47
8 220 95
221 225 10
156 98 72
281 224 57
45 27 13
233 2 57
227 128 16
264 70 56
95 69 88
151 50 38
236 13 77
32 189 9
270 51 75
191 287 53
257 287 27
84 182 56
150 114 13
216 84 28
19 178 98
240 285 85
113 182 47
162 213 8
141 144 98
173 290 13
90 252 62
34 41 57
273 146 72
7 23 74
104 41 23
226 280 39
58 55 0
197 216 35
186 18 19
225 190 91
212 235 5
191 268 9
58 202 94
288 208 5
263 268 70
121 155 71
220 212 82
205 114 45
65 5 3
23 185 98
21 102 81
225 293 11
132 12 81
184 255 32
258 179 29
35 255 1
92 180 0
158 47 39
146 67 26
106 45 91
256 65 13
52 290 21
71 127 72
248 266 2
45 229 87
108 264 13
282 17 90
79 174 14
239 275 23
66 87 35
122 48 42
235 55 81
8 125 61
86 79 42
80 79 29
208 186 25
46 129 34
270 163 4
246 108 12
244 173 30
287 250 88
56 190 99
70 153 41
210 238 95
277 273 92
28 142 27
293 188 4
235 163 88
101 71 84
198 20 18
42 262 81
228 273 18
129 48 50
155 257 15
215 239 14
59 223 35
1 177 56
71 117 66
9 174 80
55 33 87
185 74 20
20 257 24
251 92 43
91 246 39
80 123 85
3 137 10
112 137 41
26 207 45
59 172 24
205 226 59
283 116 11
35 91 71
59 48 68
130 94 76
120 129 90
11 131 34
123 199 68
74 224 97
97 282 73
293 149 47
183 137 37
102 127 90
278 185 57
207 21 88
44 96 30
252 106 66
9 229 95
153 258 38
209 16 98
98 264 50
168 152 49
59 209 49
290 149 72
231 17 96
220 16 25
88 268 77
42 276 96
238 90 22
275 4 34
6 57 21
179 224 9
151 238 76
249 190 57
237 82 19
158 7 74
218 50 41
233 57 91
29 281 84
282 227 39
45 141 11
224 163 32
124 99 68
19 139 41
56 151 10
62 223 71
112 180 8
158 119 41
148 147 96
118 134 17
49 134 61
159 64 13
125 143 7
1 117 24
5 1 39
184 150 21
69 255 40
267 289 5
46 85 23
94 218 50
209 237 63
289 41 36
290 157 60
21 34 86
21 223 88
126 184 6
231 180 12
276 220 1
32 99 51
240 292 80
190 38 15
185 195 41
161 184 93
182 112 81
13 252 87
99 216 82
261 109 55
77 255 71
272 252 50
168 245 31
14 145 38
175 35 31
18 102 78
280 15 64
84 187 11
223 110 39
84 185 86
294 78 94
8 49 27
292 121 85
39 142 58
42 78 42
53 285 42
232 148 73
86 111 42
67 71 45
128 57 25
291 83 0
108 115 85
258 265 87
204 42 39
13 279 73
292 22 23
81 78 15
231 140 44
275 294 38
23 135 20
262 145 56
239 24 5
273 254 80
54 3 89
206 174 9
173 274 65
230 52 35
132 179 19
244 30 65
85 286 0
273 164 51
63 19 97
72 92 64
148 152 1
37 114 40
209 245 60
278 194 85
212 19 1
142 162 57
107 39 52
271 240 78
179 176 28
105 254 61
37 136 93
77 261 5
213 68 92
181 153 56
112 93 35
60 190 95
100 214 27
290 266 80
131 153 76
71 217 46
271 211 42
187 260 77
68 279 53
42 247 66
219 61 97
61 272 39
75 158 32
25 10 69
242 146 15
259 86 78
25 22 5
277 103 97
169 274 10
253 285 16
172 283 16
45 222 10
243 111 72
196 36 87
81 200 44
89 73 6
201 7 48
113 66 28
286 133 42
160 153 88
83 97 5
81 234 52
107 40 75
72 192 22
159 188 14
222 196 30
31 67 99
165 219 79
96 284 21
206 284 38
74 154 35
166 218 74
203 77 36
31 269 70
112 138 43
