1
3
97 17
01000100000011010
01000100001010000
01010001000100000
10000010001000000
00111001100000010
11011101110100111
11101011011001010
11010001111010110
00100111111110111
01001011011010000
11101011101110100
11011111110011110
10011011000011000
01000011111000011
01010110011111111
00111110101110010
10111111101001001
10000100101100110
11110101011111101
11011011011111110
00111010101011010
10000000010100010
01100001100000000
00001000000101010
01011010100000001
00001100000000100
11000010001111000
01010110101111100
11000101110111110
10111101010011001
00010111000000010
00110000111100000
00000000000010100
00000000000000000
00011000100000000
00100000000000000
00100000000001000
10000000100000001
00000000000001001
00000000100000001
10000000000000000
00100000000000001
01000000000010000
01010000010110101
00100101011001001
01011111000010000
10001000110001110
00001001000010111
01010110000000001
00110010001000011
01000101100000000
11100001010101010
11111000001110101
00101101011101011
01111010110111011
11101010001110011
00110100110101000
11011110001010001
11111011100011100
10111101010001000
00001011011000001
01010110100011101
00100010110011101
10000001010100111
10011010000001101
01000001110010111
10000011101111001
10101101111100100
10100010001110001
10000101011001001
00000100000000101
00111101010100000
10001100010010010
00010010000000001
01100100100111000
00111110111111100
11100111000110101
01100111111011011
00000100110111111
10010000100000000
11011010011000000
01101000100001110
11010101000100000
10000000110011111
00000111110101011
01011010000000000
00101011101100010
01110101000110000
00100000010001110
11001000010000110
00110110010001001
00000000001001000
00010110100011101
11001110000010110
01010000000000011
01100001000110010
00001110110100101
100 20
11101001100000000001
01101000110100110001
00000000010000101001
00000100001001000000
01000000100101101111
00001110000000010000
00111000000010010000
00000000010000010010
00000000000000000000
00000000000000000000
00000000000000010000
01000101001001000000
00000100000001000000
00010000100000000000
00100000000001000000
00000000000000000000
00000000010100001000
00000000000010000000
10001011100000000000
00000000000010000000
00000000000000000001
10000000000000000000
00000000000000000000
00000010000000000000
00000000000000000000
00000001000000000000
00000000000000000000
00000000010000100000
00111000000000000000
00000000000000000100
00000001000100000000
10000010010000000000
00000100000000001001
00000000000100000000
00100010111001011000
01001000000000110000
10110010001010000001
00101000000010011001
00100000000001001010
00000000000000000010
00000000000010010100
00000100100001010001
00000000000000000000
00000000010000000000
00100000000000000100
00001000000000000000
00000000101000100000
00010000000000001000
00000000000000000001
00000000000000000100
00100000011100000000
00000000000000000010
11010000000000000000
00000000100000100000
00001000000000000000
10000001001000010000
00000000010000000000
00000000000000000000
00000000000000000000
00000000100000000000
00000010000010000000
01011101000111110000
11010111010100011111
10110111111110110001
01000010000010000000
00010000100000001000
00000110010000000001
00000000000000000000
00000000000000000011
00000000000001000000
10010000000000000000
00000010000000000000
00011000000100010001
00000000000000001100
00000000000100000000
00000001000000000000
10010000000000000001
00010000001001000000
01100100000000000000
00100000000000000000
00000000000100100001
01000011000000100011
01000000000000001000
01100000000000000000
00100000001100000010
00000010010000000010
00000000000010000000
00100000001000000000
00000000000000000001
10000011000100000010
00001011000000110000
00001000000100000000
10000000010000000011
10000000100000010000
00010100000011000100
11111111111110111111
11111011111111111111
00111110000110101110
11111111111111111111
11111111111111111111
100 13
0000011000010
0000010000000
1000000000000
0000000000000
0001100000000
0000100000000
1001000000000
0100100000000
0000000101000
0010000100001
0000010100100
0000000000001
0001000000000
0000000100010
0000000000000
0000000000000
0000000010000
0011111100110
0011100000001
0000000100100
0000000000010
0000010000000
0000000000000
0010001001000
1000000100100
0000000110010
0110000000000
0001000010000
0000000000001
0000010100000
0000110100000
0000000000000
0000001000010
0000000001000
0000000000000
0000001000000
0000100000010
1110000000000
0010000000000
0000000000000
0000001000000
0000100000000
0000000010100
0011100111010
0000001000110
0010000000001
0100000010000
0000000000000
0000000000000
0000100000000
0000000001000
0000010000000
0000000000000
0000011000000
0100000100000
0001100000000
0011001000000
0000000000000
0000000100000
0000000000001
1000000000000
1000001000000
0000000001100
0000000010000
0010000100000
0001000010000
0000000100001
0001000000000
0000000000100
0000000001101
0100000000000
0000001100000
0000000000000
0000000000000
0000000000010
0000110000000
1101011011011
0110011000000
0000001000011
0000100000000
1000100010010
0001010000001
0000000000011
0000100001100
0100000101000
1001011110101
0010000001000
1000000000000
0000000000000
0101100010001
0000000001000
0100100001000
0000100000000
0000000110010
0000010000000
0000000000000
0000000000000
0000000000000
0000001000000
0000010000100

