8

3 2
2 1 3 
3 2 1 

3 1
3 2 1 

5 3
1 2 4 5 3 
2 4 1 3 5 
5 3 2 4 1 

8 2
8 5 6 2 3 7 1 4 
2 8 7 3 6 4 5 1 

8 6
7 3 1 8 5 6 4 2 
5 7 2 6 3 8 1 4 
4 2 6 3 8 1 5 7 
6 5 8 4 2 3 7 1 
1 8 3 2 4 7 6 5 
3 4 5 1 7 2 8 6 

10 5
4 8 9 5 1 3 6 2 10 7 
10 1 6 8 9 2 5 7 3 4 
7 6 8 3 4 1 9 10 5 2 
8 10 1 9 5 7 3 4 2 6 
5 9 3 2 6 4 1 8 7 10 

13 7
13 11 8 4 9 7 10 3 2 12 1 6 5 
3 5 13 2 12 10 6 1 11 8 7 4 9 
8 3 1 5 10 2 12 6 9 4 11 7 13 
2 7 9 13 5 8 1 12 4 10 6 11 3 
6 13 11 9 1 12 8 4 5 7 3 10 2 
9 10 2 6 8 11 4 7 13 3 5 12 1 
10 1 6 3 13 4 2 9 12 11 8 5 7 

23 12
7 5 1 17 4 15 20 22 3 23 14 9 18 6 19 12 2 16 8 11 13 21 10 
16 23 15 21 5 11 6 3 9 2 10 4 12 14 1 18 17 8 19 13 7 20 22 
15 10 7 13 23 8 4 16 19 14 12 3 20 9 6 11 22 17 21 1 18 5 2 
10 21 23 9 22 3 1 15 16 6 17 19 4 11 2 8 18 12 14 7 20 13 5 
14 4 11 7 21 13 17 1 8 19 6 15 2 3 16 5 9 23 20 10 22 12 18 
18 7 16 10 20 6 2 11 14 9 4 1 17 15 21 13 23 19 12 22 5 3 8 
6 19 5 1 11 22 8 9 12 18 23 20 15 2 10 17 7 13 3 21 14 16 4 
20 9 13 19 14 4 3 2 18 1 7 23 21 10 8 22 5 11 17 16 12 15 6 
21 8 18 12 1 17 14 13 15 22 16 2 11 19 4 20 10 7 5 23 3 6 9 
3 17 20 11 12 21 13 23 22 10 2 6 19 7 5 1 8 9 18 14 16 4 15 
1 11 22 18 2 19 21 10 20 3 13 17 8 5 12 16 4 14 15 6 9 23 7 
5 16 19 20 9 7 12 17 6 4 22 21 13 18 11 15 1 3 10 8 2 14 23 

