5000
1941723 1942500 1
777 1942500 2
1940946 1942500 1
1554 1942500 2
1940169 1942500 1
2331 1942500 2
1939392 1942500 1
3108 1942500 2
1938615 1942500 1
3885 1942500 2
1937838 1942500 1
4662 1942500 2
1937061 1942500 1
5439 1942500 2
1936284 1942500 1
6216 1942500 2
1935507 1942500 1
6993 1942500 2
1934730 1942500 1
7770 1942500 2
1933953 1942500 1
8547 1942500 2
1933176 1942500 1
9324 1942500 2
1932399 1942500 1
10101 1942500 2
1931622 1942500 1
10878 1942500 2
1930845 1942500 1
11655 1942500 2
1930068 1942500 1
12432 1942500 2
1929291 1942500 1
13209 1942500 2
1928514 1942500 1
13986 1942500 2
1927737 1942500 1
14763 1942500 2
1926960 1942500 1
15540 1942500 2
1926183 1942500 1
16317 1942500 2
1925406 1942500 1
17094 1942500 2
1924629 1942500 1
17871 1942500 2
1923852 1942500 1
18648 1942500 2
1923075 1942500 1
19425 1942500 2
1922298 1942500 1
20202 1942500 2
1921521 1942500 1
20979 1942500 2
1920744 1942500 1
21756 1942500 2
1919967 1942500 1
22533 1942500 2
1919190 1942500 1
23310 1942500 2
1918413 1942500 1
24087 1942500 2
1917636 1942500 1
24864 1942500 2
1916859 1942500 1
25641 1942500 2
1916082 1942500 1
26418 1942500 2
1915305 1942500 1
27195 1942500 2
1914528 1942500 1
27972 1942500 2
1913751 1942500 1
28749 1942500 2
1912974 1942500 1
29526 1942500 2
1912197 1942500 1
30303 1942500 2
1911420 1942500 1
31080 1942500 2
1910643 1942500 1
31857 1942500 2
1909866 1942500 1
32634 1942500 2
1909089 1942500 1
33411 1942500 2
1908312 1942500 1
34188 1942500 2
1907535 1942500 1
34965 1942500 2
1906758 1942500 1
35742 1942500 2
1905981 1942500 1
36519 1942500 2
1905204 1942500 1
37296 1942500 2
1904427 1942500 1
38073 1942500 2
1903650 1942500 1
38850 1942500 2
1902873 1942500 1
39627 1942500 2
1902096 1942500 1
40404 1942500 2
1901319 1942500 1
41181 1942500 2
1900542 1942500 1
41958 1942500 2
1899765 1942500 1
42735 1942500 2
1898988 1942500 1
43512 1942500 2
1898211 1942500 1
44289 1942500 2
1897434 1942500 1
45066 1942500 2
1896657 1942500 1
45843 1942500 2
1895880 1942500 1
46620 1942500 2
1895103 1942500 1
47397 1942500 2
1894326 1942500 1
48174 1942500 2
1893549 1942500 1
48951 1942500 2
1892772 1942500 1
49728 1942500 2
1891995 1942500 1
50505 1942500 2
1891218 1942500 1
51282 1942500 2
1890441 1942500 1
52059 1942500 2
1889664 1942500 1
52836 1942500 2
1888887 1942500 1
53613 1942500 2
1888110 1942500 1
54390 1942500 2
1887333 1942500 1
55167 1942500 2
1886556 1942500 1
55944 1942500 2
1885779 1942500 1
56721 1942500 2
1885002 1942500 1
57498 1942500 2
1884225 1942500 1
58275 1942500 2
1883448 1942500 1
59052 1942500 2
1882671 1942500 1
59829 1942500 2
1881894 1942500 1
60606 1942500 2
1881117 1942500 1
61383 1942500 2
1880340 1942500 1
62160 1942500 2
1879563 1942500 1
62937 1942500 2
1878786 1942500 1
63714 1942500 2
1878009 1942500 1
64491 1942500 2
1877232 1942500 1
65268 1942500 2
1876455 1942500 1
66045 1942500 2
1875678 1942500 1
66822 1942500 2
1874901 1942500 1
67599 1942500 2
1874124 1942500 1
68376 1942500 2
1873347 1942500 1
69153 1942500 2
1872570 1942500 1
69930 1942500 2
1871793 1942500 1
70707 1942500 2
1871016 1942500 1
71484 1942500 2
1870239 1942500 1
72261 1942500 2
1869462 1942500 1
73038 1942500 2
1868685 1942500 1
73815 1942500 2
1867908 1942500 1
74592 1942500 2
1867131 1942500 1
75369 1942500 2
1866354 1942500 1
76146 1942500 2
1865577 1942500 1
76923 1942500 2
1864800 1942500 1
77700 1942500 2
1864023 1942500 1
78477 1942500 2
1863246 1942500 1
79254 1942500 2
1862469 1942500 1
80031 1942500 2
1861692 1942500 1
80808 1942500 2
1860915 1942500 1
81585 1942500 2
1860138 1942500 1
82362 1942500 2
1859361 1942500 1
83139 1942500 2
1858584 1942500 1
83916 1942500 2
1857807 1942500 1
84693 1942500 2
1857030 1942500 1
85470 1942500 2
1856253 1942500 1
86247 1942500 2
1855476 1942500 1
87024 1942500 2
1854699 1942500 1
87801 1942500 2
1853922 1942500 1
88578 1942500 2
1853145 1942500 1
89355 1942500 2
1852368 1942500 1
90132 1942500 2
1851591 1942500 1
90909 1942500 2
1850814 1942500 1
91686 1942500 2
1850037 1942500 1
92463 1942500 2
1849260 1942500 1
93240 1942500 2
1848483 1942500 1
94017 1942500 2
1847706 1942500 1
94794 1942500 2
1846929 1942500 1
95571 1942500 2
1846152 1942500 1
96348 1942500 2
1845375 1942500 1
97125 1942500 2
1844598 1942500 1
97902 1942500 2
1843821 1942500 1
98679 1942500 2
1843044 1942500 1
99456 1942500 2
1842267 1942500 1
100233 1942500 2
1841490 1942500 1
101010 1942500 2
1840713 1942500 1
101787 1942500 2
1839936 1942500 1
102564 1942500 2
1839159 1942500 1
103341 1942500 2
1838382 1942500 1
104118 1942500 2
1837605 1942500 1
104895 1942500 2
1836828 1942500 1
105672 1942500 2
1836051 1942500 1
106449 1942500 2
1835274 1942500 1
107226 1942500 2
1834497 1942500 1
108003 1942500 2
1833720 1942500 1
108780 1942500 2
1832943 1942500 1
109557 1942500 2
1832166 1942500 1
110334 1942500 2
1831389 1942500 1
111111 1942500 2
1830612 1942500 1
111888 1942500 2
1829835 1942500 1
112665 1942500 2
1829058 1942500 1
113442 1942500 2
1828281 1942500 1
114219 1942500 2
1827504 1942500 1
114996 1942500 2
1826727 1942500 1
115773 1942500 2
1825950 1942500 1
116550 1942500 2
1825173 1942500 1
117327 1942500 2
1824396 1942500 1
118104 1942500 2
1823619 1942500 1
118881 1942500 2
1822842 1942500 1
119658 1942500 2
1822065 1942500 1
120435 1942500 2
1821288 1942500 1
121212 1942500 2
1820511 1942500 1
121989 1942500 2
1819734 1942500 1
122766 1942500 2
1818957 1942500 1
123543 1942500 2
1818180 1942500 1
124320 1942500 2
1817403 1942500 1
125097 1942500 2
1816626 1942500 1
125874 1942500 2
1815849 1942500 1
126651 1942500 2
1815072 1942500 1
127428 1942500 2
1814295 1942500 1
128205 1942500 2
1813518 1942500 1
128982 1942500 2
1812741 1942500 1
129759 1942500 2
1811964 1942500 1
130536 1942500 2
1811187 1942500 1
131313 1942500 2
1810410 1942500 1
132090 1942500 2
1809633 1942500 1
132867 1942500 2
1808856 1942500 1
133644 1942500 2
1808079 1942500 1
134421 1942500 2
1807302 1942500 1
135198 1942500 2
1806525 1942500 1
135975 1942500 2
1805748 1942500 1
136752 1942500 2
1804971 1942500 1
137529 1942500 2
1804194 1942500 1
138306 1942500 2
1803417 1942500 1
139083 1942500 2
1802640 1942500 1
139860 1942500 2
1801863 1942500 1
140637 1942500 2
1801086 1942500 1
141414 1942500 2
1800309 1942500 1
142191 1942500 2
1799532 1942500 1
142968 1942500 2
1798755 1942500 1
143745 1942500 2
1797978 1942500 1
144522 1942500 2
1797201 1942500 1
145299 1942500 2
1796424 1942500 1
146076 1942500 2
1795647 1942500 1
146853 1942500 2
1794870 1942500 1
147630 1942500 2
1794093 1942500 1
148407 1942500 2
1793316 1942500 1
149184 1942500 2
1792539 1942500 1
149961 1942500 2
1791762 1942500 1
150738 1942500 2
1790985 1942500 1
151515 1942500 2
1790208 1942500 1
152292 1942500 2
1789431 1942500 1
153069 1942500 2
1788654 1942500 1
153846 1942500 2
1787877 1942500 1
154623 1942500 2
1787100 1942500 1
155400 1942500 2
1786323 1942500 1
156177 1942500 2
1785546 1942500 1
156954 1942500 2
1784769 1942500 1
157731 1942500 2
1783992 1942500 1
158508 1942500 2
1783215 1942500 1
159285 1942500 2
1782438 1942500 1
160062 1942500 2
1781661 1942500 1
160839 1942500 2
1780884 1942500 1
161616 1942500 2
1780107 1942500 1
162393 1942500 2
1779330 1942500 1
163170 1942500 2
1778553 1942500 1
163947 1942500 2
1777776 1942500 1
164724 1942500 2
1776999 1942500 1
165501 1942500 2
1776222 1942500 1
166278 1942500 2
1775445 1942500 1
167055 1942500 2
1774668 1942500 1
167832 1942500 2
1773891 1942500 1
168609 1942500 2
1773114 1942500 1
169386 1942500 2
1772337 1942500 1
170163 1942500 2
1771560 1942500 1
170940 1942500 2
1770783 1942500 1
171717 1942500 2
1770006 1942500 1
172494 1942500 2
1769229 1942500 1
173271 1942500 2
1768452 1942500 1
174048 1942500 2
1767675 1942500 1
174825 1942500 2
1766898 1942500 1
175602 1942500 2
1766121 1942500 1
176379 1942500 2
1765344 1942500 1
177156 1942500 2
1764567 1942500 1
177933 1942500 2
1763790 1942500 1
178710 1942500 2
1763013 1942500 1
179487 1942500 2
1762236 1942500 1
180264 1942500 2
1761459 1942500 1
181041 1942500 2
1760682 1942500 1
181818 1942500 2
1759905 1942500 1
182595 1942500 2
1759128 1942500 1
183372 1942500 2
1758351 1942500 1
184149 1942500 2
1757574 1942500 1
184926 1942500 2
1756797 1942500 1
185703 1942500 2
1756020 1942500 1
186480 1942500 2
1755243 1942500 1
187257 1942500 2
1754466 1942500 1
188034 1942500 2
1753689 1942500 1
188811 1942500 2
1752912 1942500 1
189588 1942500 2
1752135 1942500 1
190365 1942500 2
1751358 1942500 1
191142 1942500 2
1750581 1942500 1
191919 1942500 2
1749804 1942500 1
192696 1942500 2
1749027 1942500 1
193473 1942500 2
1748250 1942500 1
194250 1942500 2
1747473 1942500 1
195027 1942500 2
1746696 1942500 1
195804 1942500 2
1745919 1942500 1
196581 1942500 2
1745142 1942500 1
197358 1942500 2
1744365 1942500 1
198135 1942500 2
1743588 1942500 1
198912 1942500 2
1742811 1942500 1
199689 1942500 2
1742034 1942500 1
200466 1942500 2
1741257 1942500 1
201243 1942500 2
1740480 1942500 1
202020 1942500 2
1739703 1942500 1
202797 1942500 2
1738926 1942500 1
203574 1942500 2
1738149 1942500 1
204351 1942500 2
1737372 1942500 1
205128 1942500 2
1736595 1942500 1
205905 1942500 2
1735818 1942500 1
206682 1942500 2
1735041 1942500 1
207459 1942500 2
1734264 1942500 1
208236 1942500 2
1733487 1942500 1
209013 1942500 2
1732710 1942500 1
209790 1942500 2
1731933 1942500 1
210567 1942500 2
1731156 1942500 1
211344 1942500 2
1730379 1942500 1
212121 1942500 2
1729602 1942500 1
212898 1942500 2
1728825 1942500 1
213675 1942500 2
1728048 1942500 1
214452 1942500 2
1727271 1942500 1
215229 1942500 2
1726494 1942500 1
216006 1942500 2
1725717 1942500 1
216783 1942500 2
1724940 1942500 1
217560 1942500 2
1724163 1942500 1
218337 1942500 2
1723386 1942500 1
219114 1942500 2
1722609 1942500 1
219891 1942500 2
1721832 1942500 1
220668 1942500 2
1721055 1942500 1
221445 1942500 2
1720278 1942500 1
222222 1942500 2
1719501 1942500 1
222999 1942500 2
1718724 1942500 1
223776 1942500 2
1717947 1942500 1
224553 1942500 2
1717170 1942500 1
225330 1942500 2
1716393 1942500 1
226107 1942500 2
1715616 1942500 1
226884 1942500 2
1714839 1942500 1
227661 1942500 2
1714062 1942500 1
228438 1942500 2
1713285 1942500 1
229215 1942500 2
1712508 1942500 1
229992 1942500 2
1711731 1942500 1
230769 1942500 2
1710954 1942500 1
231546 1942500 2
1710177 1942500 1
232323 1942500 2
1709400 1942500 1
233100 1942500 2
1708623 1942500 1
233877 1942500 2
1707846 1942500 1
234654 1942500 2
1707069 1942500 1
235431 1942500 2
1706292 1942500 1
236208 1942500 2
1705515 1942500 1
236985 1942500 2
1704738 1942500 1
237762 1942500 2
1703961 1942500 1
238539 1942500 2
1703184 1942500 1
239316 1942500 2
1702407 1942500 1
240093 1942500 2
1701630 1942500 1
240870 1942500 2
1700853 1942500 1
241647 1942500 2
1700076 1942500 1
242424 1942500 2
1699299 1942500 1
243201 1942500 2
1698522 1942500 1
243978 1942500 2
1697745 1942500 1
244755 1942500 2
1696968 1942500 1
245532 1942500 2
1696191 1942500 1
246309 1942500 2
1695414 1942500 1
247086 1942500 2
1694637 1942500 1
247863 1942500 2
1693860 1942500 1
248640 1942500 2
1693083 1942500 1
249417 1942500 2
1692306 1942500 1
250194 1942500 2
1691529 1942500 1
250971 1942500 2
1690752 1942500 1
251748 1942500 2
1689975 1942500 1
252525 1942500 2
1689198 1942500 1
253302 1942500 2
1688421 1942500 1
254079 1942500 2
1687644 1942500 1
254856 1942500 2
1686867 1942500 1
255633 1942500 2
1686090 1942500 1
256410 1942500 2
1685313 1942500 1
257187 1942500 2
1684536 1942500 1
257964 1942500 2
1683759 1942500 1
258741 1942500 2
1682982 1942500 1
259518 1942500 2
1682205 1942500 1
260295 1942500 2
1681428 1942500 1
261072 1942500 2
1680651 1942500 1
261849 1942500 2
1679874 1942500 1
262626 1942500 2
1679097 1942500 1
263403 1942500 2
1678320 1942500 1
264180 1942500 2
1677543 1942500 1
264957 1942500 2
1676766 1942500 1
265734 1942500 2
1675989 1942500 1
266511 1942500 2
1675212 1942500 1
267288 1942500 2
1674435 1942500 1
268065 1942500 2
1673658 1942500 1
268842 1942500 2
1672881 1942500 1
269619 1942500 2
1672104 1942500 1
270396 1942500 2
1671327 1942500 1
271173 1942500 2
1670550 1942500 1
271950 1942500 2
1669773 1942500 1
272727 1942500 2
1668996 1942500 1
273504 1942500 2
1668219 1942500 1
274281 1942500 2
1667442 1942500 1
275058 1942500 2
1666665 1942500 1
275835 1942500 2
1665888 1942500 1
276612 1942500 2
1665111 1942500 1
277389 1942500 2
1664334 1942500 1
278166 1942500 2
1663557 1942500 1
278943 1942500 2
1662780 1942500 1
279720 1942500 2
1662003 1942500 1
280497 1942500 2
1661226 1942500 1
281274 1942500 2
1660449 1942500 1
282051 1942500 2
1659672 1942500 1
282828 1942500 2
1658895 1942500 1
283605 1942500 2
1658118 1942500 1
284382 1942500 2
1657341 1942500 1
285159 1942500 2
1656564 1942500 1
285936 1942500 2
1655787 1942500 1
286713 1942500 2
1655010 1942500 1
287490 1942500 2
1654233 1942500 1
288267 1942500 2
1653456 1942500 1
289044 1942500 2
1652679 1942500 1
289821 1942500 2
1651902 1942500 1
290598 1942500 2
1651125 1942500 1
291375 1942500 2
1650348 1942500 1
292152 1942500 2
1649571 1942500 1
292929 1942500 2
1648794 1942500 1
293706 1942500 2
1648017 1942500 1
294483 1942500 2
1647240 1942500 1
295260 1942500 2
1646463 1942500 1
296037 1942500 2
1645686 1942500 1
296814 1942500 2
1644909 1942500 1
297591 1942500 2
1644132 1942500 1
298368 1942500 2
1643355 1942500 1
299145 1942500 2
1642578 1942500 1
299922 1942500 2
1641801 1942500 1
300699 1942500 2
1641024 1942500 1
301476 1942500 2
1640247 1942500 1
302253 1942500 2
1639470 1942500 1
303030 1942500 2
1638693 1942500 1
303807 1942500 2
1637916 1942500 1
304584 1942500 2
1637139 1942500 1
305361 1942500 2
1636362 1942500 1
306138 1942500 2
1635585 1942500 1
306915 1942500 2
1634808 1942500 1
307692 1942500 2
1634031 1942500 1
308469 1942500 2
1633254 1942500 1
309246 1942500 2
1632477 1942500 1
310023 1942500 2
1631700 1942500 1
310800 1942500 2
1630923 1942500 1
311577 1942500 2
1630146 1942500 1
312354 1942500 2
1629369 1942500 1
313131 1942500 2
1628592 1942500 1
313908 1942500 2
1627815 1942500 1
314685 1942500 2
1627038 1942500 1
315462 1942500 2
1626261 1942500 1
316239 1942500 2
1625484 1942500 1
317016 1942500 2
1624707 1942500 1
317793 1942500 2
1623930 1942500 1
318570 1942500 2
1623153 1942500 1
319347 1942500 2
1622376 1942500 1
320124 1942500 2
1621599 1942500 1
320901 1942500 2
1620822 1942500 1
321678 1942500 2
1620045 1942500 1
322455 1942500 2
1619268 1942500 1
323232 1942500 2
1618491 1942500 1
324009 1942500 2
1617714 1942500 1
324786 1942500 2
1616937 1942500 1
325563 1942500 2
1616160 1942500 1
326340 1942500 2
1615383 1942500 1
327117 1942500 2
1614606 1942500 1
327894 1942500 2
1613829 1942500 1
328671 1942500 2
1613052 1942500 1
329448 1942500 2
1612275 1942500 1
330225 1942500 2
1611498 1942500 1
331002 1942500 2
1610721 1942500 1
331779 1942500 2
1609944 1942500 1
332556 1942500 2
1609167 1942500 1
333333 1942500 2
1608390 1942500 1
334110 1942500 2
1607613 1942500 1
334887 1942500 2
1606836 1942500 1
335664 1942500 2
1606059 1942500 1
336441 1942500 2
1605282 1942500 1
337218 1942500 2
1604505 1942500 1
337995 1942500 2
1603728 1942500 1
338772 1942500 2
1602951 1942500 1
339549 1942500 2
1602174 1942500 1
340326 1942500 2
1601397 1942500 1
341103 1942500 2
1600620 1942500 1
341880 1942500 2
1599843 1942500 1
342657 1942500 2
1599066 1942500 1
343434 1942500 2
1598289 1942500 1
344211 1942500 2
1597512 1942500 1
344988 1942500 2
1596735 1942500 1
345765 1942500 2
1595958 1942500 1
346542 1942500 2
1595181 1942500 1
347319 1942500 2
1594404 1942500 1
348096 1942500 2
1593627 1942500 1
348873 1942500 2
1592850 1942500 1
349650 1942500 2
1592073 1942500 1
350427 1942500 2
1591296 1942500 1
351204 1942500 2
1590519 1942500 1
351981 1942500 2
1589742 1942500 1
352758 1942500 2
1588965 1942500 1
353535 1942500 2
1588188 1942500 1
354312 1942500 2
1587411 1942500 1
355089 1942500 2
1586634 1942500 1
355866 1942500 2
1585857 1942500 1
356643 1942500 2
1585080 1942500 1
357420 1942500 2
1584303 1942500 1
358197 1942500 2
1583526 1942500 1
358974 1942500 2
1582749 1942500 1
359751 1942500 2
1581972 1942500 1
360528 1942500 2
1581195 1942500 1
361305 1942500 2
1580418 1942500 1
362082 1942500 2
1579641 1942500 1
362859 1942500 2
1578864 1942500 1
363636 1942500 2
1578087 1942500 1
364413 1942500 2
1577310 1942500 1
365190 1942500 2
1576533 1942500 1
365967 1942500 2
1575756 1942500 1
366744 1942500 2
1574979 1942500 1
367521 1942500 2
1574202 1942500 1
368298 1942500 2
1573425 1942500 1
369075 1942500 2
1572648 1942500 1
369852 1942500 2
1571871 1942500 1
370629 1942500 2
1571094 1942500 1
371406 1942500 2
1570317 1942500 1
372183 1942500 2
1569540 1942500 1
372960 1942500 2
1568763 1942500 1
373737 1942500 2
1567986 1942500 1
374514 1942500 2
1567209 1942500 1
375291 1942500 2
1566432 1942500 1
376068 1942500 2
1565655 1942500 1
376845 1942500 2
1564878 1942500 1
377622 1942500 2
1564101 1942500 1
378399 1942500 2
1563324 1942500 1
379176 1942500 2
1562547 1942500 1
379953 1942500 2
1561770 1942500 1
380730 1942500 2
1560993 1942500 1
381507 1942500 2
1560216 1942500 1
382284 1942500 2
1559439 1942500 1
383061 1942500 2
1558662 1942500 1
383838 1942500 2
1557885 1942500 1
384615 1942500 2
1557108 1942500 1
385392 1942500 2
1556331 1942500 1
386169 1942500 2
1555554 1942500 1
386946 1942500 2
1554777 1942500 1
387723 1942500 2
1554000 1942500 1
388500 1942500 2
1553223 1942500 1
389277 1942500 2
1552446 1942500 1
390054 1942500 2
1551669 1942500 1
390831 1942500 2
1550892 1942500 1
391608 1942500 2
1550115 1942500 1
392385 1942500 2
1549338 1942500 1
393162 1942500 2
1548561 1942500 1
393939 1942500 2
1547784 1942500 1
394716 1942500 2
1547007 1942500 1
395493 1942500 2
1546230 1942500 1
396270 1942500 2
1545453 1942500 1
397047 1942500 2
1544676 1942500 1
397824 1942500 2
1543899 1942500 1
398601 1942500 2
1543122 1942500 1
399378 1942500 2
1542345 1942500 1
400155 1942500 2
1541568 1942500 1
400932 1942500 2
1540791 1942500 1
401709 1942500 2
1540014 1942500 1
402486 1942500 2
1539237 1942500 1
403263 1942500 2
1538460 1942500 1
404040 1942500 2
1537683 1942500 1
404817 1942500 2
1536906 1942500 1
405594 1942500 2
1536129 1942500 1
406371 1942500 2
1535352 1942500 1
407148 1942500 2
1534575 1942500 1
407925 1942500 2
1533798 1942500 1
408702 1942500 2
1533021 1942500 1
409479 1942500 2
1532244 1942500 1
410256 1942500 2
1531467 1942500 1
411033 1942500 2
1530690 1942500 1
411810 1942500 2
1529913 1942500 1
412587 1942500 2
1529136 1942500 1
413364 1942500 2
1528359 1942500 1
414141 1942500 2
1527582 1942500 1
414918 1942500 2
1526805 1942500 1
415695 1942500 2
1526028 1942500 1
416472 1942500 2
1525251 1942500 1
417249 1942500 2
1524474 1942500 1
418026 1942500 2
1523697 1942500 1
418803 1942500 2
1522920 1942500 1
419580 1942500 2
1522143 1942500 1
420357 1942500 2
1521366 1942500 1
421134 1942500 2
1520589 1942500 1
421911 1942500 2
1519812 1942500 1
422688 1942500 2
1519035 1942500 1
423465 1942500 2
1518258 1942500 1
424242 1942500 2
1517481 1942500 1
425019 1942500 2
1516704 1942500 1
425796 1942500 2
1515927 1942500 1
426573 1942500 2
1515150 1942500 1
427350 1942500 2
1514373 1942500 1
428127 1942500 2
1513596 1942500 1
428904 1942500 2
1512819 1942500 1
429681 1942500 2
1512042 1942500 1
430458 1942500 2
1511265 1942500 1
431235 1942500 2
1510488 1942500 1
432012 1942500 2
1509711 1942500 1
432789 1942500 2
1508934 1942500 1
433566 1942500 2
1508157 1942500 1
434343 1942500 2
1507380 1942500 1
435120 1942500 2
1506603 1942500 1
435897 1942500 2
1505826 1942500 1
436674 1942500 2
1505049 1942500 1
437451 1942500 2
1504272 1942500 1
438228 1942500 2
1503495 1942500 1
439005 1942500 2
1502718 1942500 1
439782 1942500 2
1501941 1942500 1
440559 1942500 2
1501164 1942500 1
441336 1942500 2
1500387 1942500 1
442113 1942500 2
1499610 1942500 1
442890 1942500 2
1498833 1942500 1
443667 1942500 2
1498056 1942500 1
444444 1942500 2
1497279 1942500 1
445221 1942500 2
1496502 1942500 1
445998 1942500 2
1495725 1942500 1
446775 1942500 2
1494948 1942500 1
447552 1942500 2
1494171 1942500 1
448329 1942500 2
1493394 1942500 1
449106 1942500 2
1492617 1942500 1
449883 1942500 2
1491840 1942500 1
450660 1942500 2
1491063 1942500 1
451437 1942500 2
1490286 1942500 1
452214 1942500 2
1489509 1942500 1
452991 1942500 2
1488732 1942500 1
453768 1942500 2
1487955 1942500 1
454545 1942500 2
1487178 1942500 1
455322 1942500 2
1486401 1942500 1
456099 1942500 2
1485624 1942500 1
456876 1942500 2
1484847 1942500 1
457653 1942500 2
1484070 1942500 1
458430 1942500 2
1483293 1942500 1
459207 1942500 2
1482516 1942500 1
459984 1942500 2
1481739 1942500 1
460761 1942500 2
1480962 1942500 1
461538 1942500 2
1480185 1942500 1
462315 1942500 2
1479408 1942500 1
463092 1942500 2
1478631 1942500 1
463869 1942500 2
1477854 1942500 1
464646 1942500 2
1477077 1942500 1
465423 1942500 2
1476300 1942500 1
466200 1942500 2
1475523 1942500 1
466977 1942500 2
1474746 1942500 1
467754 1942500 2
1473969 1942500 1
468531 1942500 2
1473192 1942500 1
469308 1942500 2
1472415 1942500 1
470085 1942500 2
1471638 1942500 1
470862 1942500 2
1470861 1942500 1
471639 1942500 2
1470084 1942500 1
472416 1942500 2
1469307 1942500 1
473193 1942500 2
1468530 1942500 1
473970 1942500 2
1467753 1942500 1
474747 1942500 2
1466976 1942500 1
475524 1942500 2
1466199 1942500 1
476301 1942500 2
1465422 1942500 1
477078 1942500 2
1464645 1942500 1
477855 1942500 2
1463868 1942500 1
478632 1942500 2
1463091 1942500 1
479409 1942500 2
1462314 1942500 1
480186 1942500 2
1461537 1942500 1
480963 1942500 2
1460760 1942500 1
481740 1942500 2
1459983 1942500 1
482517 1942500 2
1459206 1942500 1
483294 1942500 2
1458429 1942500 1
484071 1942500 2
1457652 1942500 1
484848 1942500 2
1456875 1942500 1
485625 1942500 2
1456098 1942500 1
486402 1942500 2
1455321 1942500 1
487179 1942500 2
1454544 1942500 1
487956 1942500 2
1453767 1942500 1
488733 1942500 2
1452990 1942500 1
489510 1942500 2
1452213 1942500 1
490287 1942500 2
1451436 1942500 1
491064 1942500 2
1450659 1942500 1
491841 1942500 2
1449882 1942500 1
492618 1942500 2
1449105 1942500 1
493395 1942500 2
1448328 1942500 1
494172 1942500 2
1447551 1942500 1
494949 1942500 2
1446774 1942500 1
495726 1942500 2
1445997 1942500 1
496503 1942500 2
1445220 1942500 1
497280 1942500 2
1444443 1942500 1
498057 1942500 2
1443666 1942500 1
498834 1942500 2
1442889 1942500 1
499611 1942500 2
1442112 1942500 1
500388 1942500 2
1441335 1942500 1
501165 1942500 2
1440558 1942500 1
501942 1942500 2
1439781 1942500 1
502719 1942500 2
1439004 1942500 1
503496 1942500 2
1438227 1942500 1
504273 1942500 2
1437450 1942500 1
505050 1942500 2
1436673 1942500 1
505827 1942500 2
1435896 1942500 1
506604 1942500 2
1435119 1942500 1
507381 1942500 2
1434342 1942500 1
508158 1942500 2
1433565 1942500 1
508935 1942500 2
1432788 1942500 1
509712 1942500 2
1432011 1942500 1
510489 1942500 2
1431234 1942500 1
511266 1942500 2
1430457 1942500 1
512043 1942500 2
1429680 1942500 1
512820 1942500 2
1428903 1942500 1
513597 1942500 2
1428126 1942500 1
514374 1942500 2
1427349 1942500 1
515151 1942500 2
1426572 1942500 1
515928 1942500 2
1425795 1942500 1
516705 1942500 2
1425018 1942500 1
517482 1942500 2
1424241 1942500 1
518259 1942500 2
1423464 1942500 1
519036 1942500 2
1422687 1942500 1
519813 1942500 2
1421910 1942500 1
520590 1942500 2
1421133 1942500 1
521367 1942500 2
1420356 1942500 1
522144 1942500 2
1419579 1942500 1
522921 1942500 2
1418802 1942500 1
523698 1942500 2
1418025 1942500 1
524475 1942500 2
1417248 1942500 1
525252 1942500 2
1416471 1942500 1
526029 1942500 2
1415694 1942500 1
526806 1942500 2
1414917 1942500 1
527583 1942500 2
1414140 1942500 1
528360 1942500 2
1413363 1942500 1
529137 1942500 2
1412586 1942500 1
529914 1942500 2
1411809 1942500 1
530691 1942500 2
1411032 1942500 1
531468 1942500 2
1410255 1942500 1
532245 1942500 2
1409478 1942500 1
533022 1942500 2
1408701 1942500 1
533799 1942500 2
1407924 1942500 1
534576 1942500 2
1407147 1942500 1
535353 1942500 2
1406370 1942500 1
536130 1942500 2
1405593 1942500 1
536907 1942500 2
1404816 1942500 1
537684 1942500 2
1404039 1942500 1
538461 1942500 2
1403262 1942500 1
539238 1942500 2
1402485 1942500 1
540015 1942500 2
1401708 1942500 1
540792 1942500 2
1400931 1942500 1
541569 1942500 2
1400154 1942500 1
542346 1942500 2
1399377 1942500 1
543123 1942500 2
1398600 1942500 1
543900 1942500 2
1397823 1942500 1
544677 1942500 2
1397046 1942500 1
545454 1942500 2
1396269 1942500 1
546231 1942500 2
1395492 1942500 1
547008 1942500 2
1394715 1942500 1
547785 1942500 2
1393938 1942500 1
548562 1942500 2
1393161 1942500 1
549339 1942500 2
1392384 1942500 1
550116 1942500 2
1391607 1942500 1
550893 1942500 2
1390830 1942500 1
551670 1942500 2
1390053 1942500 1
552447 1942500 2
1389276 1942500 1
553224 1942500 2
1388499 1942500 1
554001 1942500 2
1387722 1942500 1
554778 1942500 2
1386945 1942500 1
555555 1942500 2
1386168 1942500 1
556332 1942500 2
1385391 1942500 1
557109 1942500 2
1384614 1942500 1
557886 1942500 2
1383837 1942500 1
558663 1942500 2
1383060 1942500 1
559440 1942500 2
1382283 1942500 1
560217 1942500 2
1381506 1942500 1
560994 1942500 2
1380729 1942500 1
561771 1942500 2
1379952 1942500 1
562548 1942500 2
1379175 1942500 1
563325 1942500 2
1378398 1942500 1
564102 1942500 2
1377621 1942500 1
564879 1942500 2
1376844 1942500 1
565656 1942500 2
1376067 1942500 1
566433 1942500 2
1375290 1942500 1
567210 1942500 2
1374513 1942500 1
567987 1942500 2
1373736 1942500 1
568764 1942500 2
1372959 1942500 1
569541 1942500 2
1372182 1942500 1
570318 1942500 2
1371405 1942500 1
571095 1942500 2
1370628 1942500 1
571872 1942500 2
1369851 1942500 1
572649 1942500 2
1369074 1942500 1
573426 1942500 2
1368297 1942500 1
574203 1942500 2
1367520 1942500 1
574980 1942500 2
1366743 1942500 1
575757 1942500 2
1365966 1942500 1
576534 1942500 2
1365189 1942500 1
577311 1942500 2
1364412 1942500 1
578088 1942500 2
1363635 1942500 1
578865 1942500 2
1362858 1942500 1
579642 1942500 2
1362081 1942500 1
580419 1942500 2
1361304 1942500 1
581196 1942500 2
1360527 1942500 1
581973 1942500 2
1359750 1942500 1
582750 1942500 2
1358973 1942500 1
583527 1942500 2
1358196 1942500 1
584304 1942500 2
1357419 1942500 1
585081 1942500 2
1356642 1942500 1
585858 1942500 2
1355865 1942500 1
586635 1942500 2
1355088 1942500 1
587412 1942500 2
1354311 1942500 1
588189 1942500 2
1353534 1942500 1
588966 1942500 2
1352757 1942500 1
589743 1942500 2
1351980 1942500 1
590520 1942500 2
1351203 1942500 1
591297 1942500 2
1350426 1942500 1
592074 1942500 2
1349649 1942500 1
592851 1942500 2
1348872 1942500 1
593628 1942500 2
1348095 1942500 1
594405 1942500 2
1347318 1942500 1
595182 1942500 2
1346541 1942500 1
595959 1942500 2
1345764 1942500 1
596736 1942500 2
1344987 1942500 1
597513 1942500 2
1344210 1942500 1
598290 1942500 2
1343433 1942500 1
599067 1942500 2
1342656 1942500 1
599844 1942500 2
1341879 1942500 1
600621 1942500 2
1341102 1942500 1
601398 1942500 2
1340325 1942500 1
602175 1942500 2
1339548 1942500 1
602952 1942500 2
1338771 1942500 1
603729 1942500 2
1337994 1942500 1
604506 1942500 2
1337217 1942500 1
605283 1942500 2
1336440 1942500 1
606060 1942500 2
1335663 1942500 1
606837 1942500 2
1334886 1942500 1
607614 1942500 2
1334109 1942500 1
608391 1942500 2
1333332 1942500 1
609168 1942500 2
1332555 1942500 1
609945 1942500 2
1331778 1942500 1
610722 1942500 2
1331001 1942500 1
611499 1942500 2
1330224 1942500 1
612276 1942500 2
1329447 1942500 1
613053 1942500 2
1328670 1942500 1
613830 1942500 2
1327893 1942500 1
614607 1942500 2
1327116 1942500 1
615384 1942500 2
1326339 1942500 1
616161 1942500 2
1325562 1942500 1
616938 1942500 2
1324785 1942500 1
617715 1942500 2
1324008 1942500 1
618492 1942500 2
1323231 1942500 1
619269 1942500 2
1322454 1942500 1
620046 1942500 2
1321677 1942500 1
620823 1942500 2
1320900 1942500 1
621600 1942500 2
1320123 1942500 1
622377 1942500 2
1319346 1942500 1
623154 1942500 2
1318569 1942500 1
623931 1942500 2
1317792 1942500 1
624708 1942500 2
1317015 1942500 1
625485 1942500 2
1316238 1942500 1
626262 1942500 2
1315461 1942500 1
627039 1942500 2
1314684 1942500 1
627816 1942500 2
1313907 1942500 1
628593 1942500 2
1313130 1942500 1
629370 1942500 2
1312353 1942500 1
630147 1942500 2
1311576 1942500 1
630924 1942500 2
1310799 1942500 1
631701 1942500 2
1310022 1942500 1
632478 1942500 2
1309245 1942500 1
633255 1942500 2
1308468 1942500 1
634032 1942500 2
1307691 1942500 1
634809 1942500 2
1306914 1942500 1
635586 1942500 2
1306137 1942500 1
636363 1942500 2
1305360 1942500 1
637140 1942500 2
1304583 1942500 1
637917 1942500 2
1303806 1942500 1
638694 1942500 2
1303029 1942500 1
639471 1942500 2
1302252 1942500 1
640248 1942500 2
1301475 1942500 1
641025 1942500 2
1300698 1942500 1
641802 1942500 2
1299921 1942500 1
642579 1942500 2
1299144 1942500 1
643356 1942500 2
1298367 1942500 1
644133 1942500 2
1297590 1942500 1
644910 1942500 2
1296813 1942500 1
645687 1942500 2
1296036 1942500 1
646464 1942500 2
1295259 1942500 1
647241 1942500 2
1294482 1942500 1
648018 1942500 2
1293705 1942500 1
648795 1942500 2
1292928 1942500 1
649572 1942500 2
1292151 1942500 1
650349 1942500 2
1291374 1942500 1
651126 1942500 2
1290597 1942500 1
651903 1942500 2
1289820 1942500 1
652680 1942500 2
1289043 1942500 1
653457 1942500 2
1288266 1942500 1
654234 1942500 2
1287489 1942500 1
655011 1942500 2
1286712 1942500 1
655788 1942500 2
1285935 1942500 1
656565 1942500 2
1285158 1942500 1
657342 1942500 2
1284381 1942500 1
658119 1942500 2
1283604 1942500 1
658896 1942500 2
1282827 1942500 1
659673 1942500 2
1282050 1942500 1
660450 1942500 2
1281273 1942500 1
661227 1942500 2
1280496 1942500 1
662004 1942500 2
1279719 1942500 1
662781 1942500 2
1278942 1942500 1
663558 1942500 2
1278165 1942500 1
664335 1942500 2
1277388 1942500 1
665112 1942500 2
1276611 1942500 1
665889 1942500 2
1275834 1942500 1
666666 1942500 2
1275057 1942500 1
667443 1942500 2
1274280 1942500 1
668220 1942500 2
1273503 1942500 1
668997 1942500 2
1272726 1942500 1
669774 1942500 2
1271949 1942500 1
670551 1942500 2
1271172 1942500 1
671328 1942500 2
1270395 1942500 1
672105 1942500 2
1269618 1942500 1
672882 1942500 2
1268841 1942500 1
673659 1942500 2
1268064 1942500 1
674436 1942500 2
1267287 1942500 1
675213 1942500 2
1266510 1942500 1
675990 1942500 2
1265733 1942500 1
676767 1942500 2
1264956 1942500 1
677544 1942500 2
1264179 1942500 1
678321 1942500 2
1263402 1942500 1
679098 1942500 2
1262625 1942500 1
679875 1942500 2
1261848 1942500 1
680652 1942500 2
1261071 1942500 1
681429 1942500 2
1260294 1942500 1
682206 1942500 2
1259517 1942500 1
682983 1942500 2
1258740 1942500 1
683760 1942500 2
1257963 1942500 1
684537 1942500 2
1257186 1942500 1
685314 1942500 2
1256409 1942500 1
686091 1942500 2
1255632 1942500 1
686868 1942500 2
1254855 1942500 1
687645 1942500 2
1254078 1942500 1
688422 1942500 2
1253301 1942500 1
689199 1942500 2
1252524 1942500 1
689976 1942500 2
1251747 1942500 1
690753 1942500 2
1250970 1942500 1
691530 1942500 2
1250193 1942500 1
692307 1942500 2
1249416 1942500 1
693084 1942500 2
1248639 1942500 1
693861 1942500 2
1247862 1942500 1
694638 1942500 2
1247085 1942500 1
695415 1942500 2
1246308 1942500 1
696192 1942500 2
1245531 1942500 1
696969 1942500 2
1244754 1942500 1
697746 1942500 2
1243977 1942500 1
698523 1942500 2
1243200 1942500 1
699300 1942500 2
1242423 1942500 1
700077 1942500 2
1241646 1942500 1
700854 1942500 2
1240869 1942500 1
701631 1942500 2
1240092 1942500 1
702408 1942500 2
1239315 1942500 1
703185 1942500 2
1238538 1942500 1
703962 1942500 2
1237761 1942500 1
704739 1942500 2
1236984 1942500 1
705516 1942500 2
1236207 1942500 1
706293 1942500 2
1235430 1942500 1
707070 1942500 2
1234653 1942500 1
707847 1942500 2
1233876 1942500 1
708624 1942500 2
1233099 1942500 1
709401 1942500 2
1232322 1942500 1
710178 1942500 2
1231545 1942500 1
710955 1942500 2
1230768 1942500 1
711732 1942500 2
1229991 1942500 1
712509 1942500 2
1229214 1942500 1
713286 1942500 2
1228437 1942500 1
714063 1942500 2
1227660 1942500 1
714840 1942500 2
1226883 1942500 1
715617 1942500 2
1226106 1942500 1
716394 1942500 2
1225329 1942500 1
717171 1942500 2
1224552 1942500 1
717948 1942500 2
1223775 1942500 1
718725 1942500 2
1222998 1942500 1
719502 1942500 2
1222221 1942500 1
720279 1942500 2
1221444 1942500 1
721056 1942500 2
1220667 1942500 1
721833 1942500 2
1219890 1942500 1
722610 1942500 2
1219113 1942500 1
723387 1942500 2
1218336 1942500 1
724164 1942500 2
1217559 1942500 1
724941 1942500 2
1216782 1942500 1
725718 1942500 2
1216005 1942500 1
726495 1942500 2
1215228 1942500 1
727272 1942500 2
1214451 1942500 1
728049 1942500 2
1213674 1942500 1
728826 1942500 2
1212897 1942500 1
729603 1942500 2
1212120 1942500 1
730380 1942500 2
1211343 1942500 1
731157 1942500 2
1210566 1942500 1
731934 1942500 2
1209789 1942500 1
732711 1942500 2
1209012 1942500 1
733488 1942500 2
1208235 1942500 1
734265 1942500 2
1207458 1942500 1
735042 1942500 2
1206681 1942500 1
735819 1942500 2
1205904 1942500 1
736596 1942500 2
1205127 1942500 1
737373 1942500 2
1204350 1942500 1
738150 1942500 2
1203573 1942500 1
738927 1942500 2
1202796 1942500 1
739704 1942500 2
1202019 1942500 1
740481 1942500 2
1201242 1942500 1
741258 1942500 2
1200465 1942500 1
742035 1942500 2
1199688 1942500 1
742812 1942500 2
1198911 1942500 1
743589 1942500 2
1198134 1942500 1
744366 1942500 2
1197357 1942500 1
745143 1942500 2
1196580 1942500 1
745920 1942500 2
1195803 1942500 1
746697 1942500 2
1195026 1942500 1
747474 1942500 2
1194249 1942500 1
748251 1942500 2
1193472 1942500 1
749028 1942500 2
1192695 1942500 1
749805 1942500 2
1191918 1942500 1
750582 1942500 2
1191141 1942500 1
751359 1942500 2
1190364 1942500 1
752136 1942500 2
1189587 1942500 1
752913 1942500 2
1188810 1942500 1
753690 1942500 2
1188033 1942500 1
754467 1942500 2
1187256 1942500 1
755244 1942500 2
1186479 1942500 1
756021 1942500 2
1185702 1942500 1
756798 1942500 2
1184925 1942500 1
757575 1942500 2
1184148 1942500 1
758352 1942500 2
1183371 1942500 1
759129 1942500 2
1182594 1942500 1
759906 1942500 2
1181817 1942500 1
760683 1942500 2
1181040 1942500 1
761460 1942500 2
1180263 1942500 1
762237 1942500 2
1179486 1942500 1
763014 1942500 2
1178709 1942500 1
763791 1942500 2
1177932 1942500 1
764568 1942500 2
1177155 1942500 1
765345 1942500 2
1176378 1942500 1
766122 1942500 2
1175601 1942500 1
766899 1942500 2
1174824 1942500 1
767676 1942500 2
1174047 1942500 1
768453 1942500 2
1173270 1942500 1
769230 1942500 2
1172493 1942500 1
770007 1942500 2
1171716 1942500 1
770784 1942500 2
1170939 1942500 1
771561 1942500 2
1170162 1942500 1
772338 1942500 2
1169385 1942500 1
773115 1942500 2
1168608 1942500 1
773892 1942500 2
1167831 1942500 1
774669 1942500 2
1167054 1942500 1
775446 1942500 2
1166277 1942500 1
776223 1942500 2
1165500 1942500 1
777000 1942500 2
1164723 1942500 1
777777 1942500 2
1163946 1942500 1
778554 1942500 2
1163169 1942500 1
779331 1942500 2
1162392 1942500 1
780108 1942500 2
1161615 1942500 1
780885 1942500 2
1160838 1942500 1
781662 1942500 2
1160061 1942500 1
782439 1942500 2
1159284 1942500 1
783216 1942500 2
1158507 1942500 1
783993 1942500 2
1157730 1942500 1
784770 1942500 2
1156953 1942500 1
785547 1942500 2
1156176 1942500 1
786324 1942500 2
1155399 1942500 1
787101 1942500 2
1154622 1942500 1
787878 1942500 2
1153845 1942500 1
788655 1942500 2
1153068 1942500 1
789432 1942500 2
1152291 1942500 1
790209 1942500 2
1151514 1942500 1
790986 1942500 2
1150737 1942500 1
791763 1942500 2
1149960 1942500 1
792540 1942500 2
1149183 1942500 1
793317 1942500 2
1148406 1942500 1
794094 1942500 2
1147629 1942500 1
794871 1942500 2
1146852 1942500 1
795648 1942500 2
1146075 1942500 1
796425 1942500 2
1145298 1942500 1
797202 1942500 2
1144521 1942500 1
797979 1942500 2
1143744 1942500 1
798756 1942500 2
1142967 1942500 1
799533 1942500 2
1142190 1942500 1
800310 1942500 2
1141413 1942500 1
801087 1942500 2
1140636 1942500 1
801864 1942500 2
1139859 1942500 1
802641 1942500 2
1139082 1942500 1
803418 1942500 2
1138305 1942500 1
804195 1942500 2
1137528 1942500 1
804972 1942500 2
1136751 1942500 1
805749 1942500 2
1135974 1942500 1
806526 1942500 2
1135197 1942500 1
807303 1942500 2
1134420 1942500 1
808080 1942500 2
1133643 1942500 1
808857 1942500 2
1132866 1942500 1
809634 1942500 2
1132089 1942500 1
810411 1942500 2
1131312 1942500 1
811188 1942500 2
1130535 1942500 1
811965 1942500 2
1129758 1942500 1
812742 1942500 2
1128981 1942500 1
813519 1942500 2
1128204 1942500 1
814296 1942500 2
1127427 1942500 1
815073 1942500 2
1126650 1942500 1
815850 1942500 2
1125873 1942500 1
816627 1942500 2
1125096 1942500 1
817404 1942500 2
1124319 1942500 1
818181 1942500 2
1123542 1942500 1
818958 1942500 2
1122765 1942500 1
819735 1942500 2
1121988 1942500 1
820512 1942500 2
1121211 1942500 1
821289 1942500 2
1120434 1942500 1
822066 1942500 2
1119657 1942500 1
822843 1942500 2
1118880 1942500 1
823620 1942500 2
1118103 1942500 1
824397 1942500 2
1117326 1942500 1
825174 1942500 2
1116549 1942500 1
825951 1942500 2
1115772 1942500 1
826728 1942500 2
1114995 1942500 1
827505 1942500 2
1114218 1942500 1
828282 1942500 2
1113441 1942500 1
829059 1942500 2
1112664 1942500 1
829836 1942500 2
1111887 1942500 1
830613 1942500 2
1111110 1942500 1
831390 1942500 2
1110333 1942500 1
832167 1942500 2
1109556 1942500 1
832944 1942500 2
1108779 1942500 1
833721 1942500 2
1108002 1942500 1
834498 1942500 2
1107225 1942500 1
835275 1942500 2
1106448 1942500 1
836052 1942500 2
1105671 1942500 1
836829 1942500 2
1104894 1942500 1
837606 1942500 2
1104117 1942500 1
838383 1942500 2
1103340 1942500 1
839160 1942500 2
1102563 1942500 1
839937 1942500 2
1101786 1942500 1
840714 1942500 2
1101009 1942500 1
841491 1942500 2
1100232 1942500 1
842268 1942500 2
1099455 1942500 1
843045 1942500 2
1098678 1942500 1
843822 1942500 2
1097901 1942500 1
844599 1942500 2
1097124 1942500 1
845376 1942500 2
1096347 1942500 1
846153 1942500 2
1095570 1942500 1
846930 1942500 2
1094793 1942500 1
847707 1942500 2
1094016 1942500 1
848484 1942500 2
1093239 1942500 1
849261 1942500 2
1092462 1942500 1
850038 1942500 2
1091685 1942500 1
850815 1942500 2
1090908 1942500 1
851592 1942500 2
1090131 1942500 1
852369 1942500 2
1089354 1942500 1
853146 1942500 2
1088577 1942500 1
853923 1942500 2
1087800 1942500 1
854700 1942500 2
1087023 1942500 1
855477 1942500 2
1086246 1942500 1
856254 1942500 2
1085469 1942500 1
857031 1942500 2
1084692 1942500 1
857808 1942500 2
1083915 1942500 1
858585 1942500 2
1083138 1942500 1
859362 1942500 2
1082361 1942500 1
860139 1942500 2
1081584 1942500 1
860916 1942500 2
1080807 1942500 1
861693 1942500 2
1080030 1942500 1
862470 1942500 2
1079253 1942500 1
863247 1942500 2
1078476 1942500 1
864024 1942500 2
1077699 1942500 1
864801 1942500 2
1076922 1942500 1
865578 1942500 2
1076145 1942500 1
866355 1942500 2
1075368 1942500 1
867132 1942500 2
1074591 1942500 1
867909 1942500 2
1073814 1942500 1
868686 1942500 2
1073037 1942500 1
869463 1942500 2
1072260 1942500 1
870240 1942500 2
1071483 1942500 1
871017 1942500 2
1070706 1942500 1
871794 1942500 2
1069929 1942500 1
872571 1942500 2
1069152 1942500 1
873348 1942500 2
1068375 1942500 1
874125 1942500 2
1067598 1942500 1
874902 1942500 2
1066821 1942500 1
875679 1942500 2
1066044 1942500 1
876456 1942500 2
1065267 1942500 1
877233 1942500 2
1064490 1942500 1
878010 1942500 2
1063713 1942500 1
878787 1942500 2
1062936 1942500 1
879564 1942500 2
1062159 1942500 1
880341 1942500 2
1061382 1942500 1
881118 1942500 2
1060605 1942500 1
881895 1942500 2
1059828 1942500 1
882672 1942500 2
1059051 1942500 1
883449 1942500 2
1058274 1942500 1
884226 1942500 2
1057497 1942500 1
885003 1942500 2
1056720 1942500 1
885780 1942500 2
1055943 1942500 1
886557 1942500 2
1055166 1942500 1
887334 1942500 2
1054389 1942500 1
888111 1942500 2
1053612 1942500 1
888888 1942500 2
1052835 1942500 1
889665 1942500 2
1052058 1942500 1
890442 1942500 2
1051281 1942500 1
891219 1942500 2
1050504 1942500 1
891996 1942500 2
1049727 1942500 1
892773 1942500 2
1048950 1942500 1
893550 1942500 2
1048173 1942500 1
894327 1942500 2
1047396 1942500 1
895104 1942500 2
1046619 1942500 1
895881 1942500 2
1045842 1942500 1
896658 1942500 2
1045065 1942500 1
897435 1942500 2
1044288 1942500 1
898212 1942500 2
1043511 1942500 1
898989 1942500 2
1042734 1942500 1
899766 1942500 2
1041957 1942500 1
900543 1942500 2
1041180 1942500 1
901320 1942500 2
1040403 1942500 1
902097 1942500 2
1039626 1942500 1
902874 1942500 2
1038849 1942500 1
903651 1942500 2
1038072 1942500 1
904428 1942500 2
1037295 1942500 1
905205 1942500 2
1036518 1942500 1
905982 1942500 2
1035741 1942500 1
906759 1942500 2
1034964 1942500 1
907536 1942500 2
1034187 1942500 1
908313 1942500 2
1033410 1942500 1
909090 1942500 2
1032633 1942500 1
909867 1942500 2
1031856 1942500 1
910644 1942500 2
1031079 1942500 1
911421 1942500 2
1030302 1942500 1
912198 1942500 2
1029525 1942500 1
912975 1942500 2
1028748 1942500 1
913752 1942500 2
1027971 1942500 1
914529 1942500 2
1027194 1942500 1
915306 1942500 2
1026417 1942500 1
916083 1942500 2
1025640 1942500 1
916860 1942500 2
1024863 1942500 1
917637 1942500 2
1024086 1942500 1
918414 1942500 2
1023309 1942500 1
919191 1942500 2
1022532 1942500 1
919968 1942500 2
1021755 1942500 1
920745 1942500 2
1020978 1942500 1
921522 1942500 2
1020201 1942500 1
922299 1942500 2
1019424 1942500 1
923076 1942500 2
1018647 1942500 1
923853 1942500 2
1017870 1942500 1
924630 1942500 2
1017093 1942500 1
925407 1942500 2
1016316 1942500 1
926184 1942500 2
1015539 1942500 1
926961 1942500 2
1014762 1942500 1
927738 1942500 2
1013985 1942500 1
928515 1942500 2
1013208 1942500 1
929292 1942500 2
1012431 1942500 1
930069 1942500 2
1011654 1942500 1
930846 1942500 2
1010877 1942500 1
931623 1942500 2
1010100 1942500 1
932400 1942500 2
1009323 1942500 1
933177 1942500 2
1008546 1942500 1
933954 1942500 2
1007769 1942500 1
934731 1942500 2
1006992 1942500 1
935508 1942500 2
1006215 1942500 1
936285 1942500 2
1005438 1942500 1
937062 1942500 2
1004661 1942500 1
937839 1942500 2
1003884 1942500 1
938616 1942500 2
1003107 1942500 1
939393 1942500 2
1002330 1942500 1
940170 1942500 2
1001553 1942500 1
940947 1942500 2
1000776 1942500 1
941724 1942500 2
999999 1942500 1
942501 1942500 2
999222 1942500 1
943278 1942500 2
998445 1942500 1
944055 1942500 2
997668 1942500 1
944832 1942500 2
996891 1942500 1
945609 1942500 2
996114 1942500 1
946386 1942500 2
995337 1942500 1
947163 1942500 2
994560 1942500 1
947940 1942500 2
993783 1942500 1
948717 1942500 2
993006 1942500 1
949494 1942500 2
992229 1942500 1
950271 1942500 2
991452 1942500 1
951048 1942500 2
990675 1942500 1
951825 1942500 2
989898 1942500 1
952602 1942500 2
989121 1942500 1
953379 1942500 2
988344 1942500 1
954156 1942500 2
987567 1942500 1
954933 1942500 2
986790 1942500 1
955710 1942500 2
986013 1942500 1
956487 1942500 2
985236 1942500 1
957264 1942500 2
984459 1942500 1
958041 1942500 2
983682 1942500 1
958818 1942500 2
982905 1942500 1
959595 1942500 2
982128 1942500 1
960372 1942500 2
981351 1942500 1
961149 1942500 2
980574 1942500 1
961926 1942500 2
979797 1942500 1
962703 1942500 2
979020 1942500 1
963480 1942500 2
978243 1942500 1
964257 1942500 2
977466 1942500 1
965034 1942500 2
976689 1942500 1
965811 1942500 2
975912 1942500 1
966588 1942500 2
975135 1942500 1
967365 1942500 2
974358 1942500 1
968142 1942500 2
973581 1942500 1
968919 1942500 2
972804 1942500 1
969696 1942500 2
972027 1942500 1
970473 1942500 2
971250 1942500 1
971250 1942500 2
970473 1942500 1
972027 1942500 2
969696 1942500 1
972804 1942500 2
968919 1942500 1
973581 1942500 2
968142 1942500 1
974358 1942500 2
967365 1942500 1
975135 1942500 2
966588 1942500 1
975912 1942500 2
965811 1942500 1
976689 1942500 2
965034 1942500 1
977466 1942500 2
964257 1942500 1
978243 1942500 2
963480 1942500 1
979020 1942500 2
962703 1942500 1
979797 1942500 2
961926 1942500 1
980574 1942500 2
961149 1942500 1
981351 1942500 2
960372 1942500 1
982128 1942500 2
959595 1942500 1
982905 1942500 2
958818 1942500 1
983682 1942500 2
958041 1942500 1
984459 1942500 2
957264 1942500 1
985236 1942500 2
956487 1942500 1
986013 1942500 2
955710 1942500 1
986790 1942500 2
954933 1942500 1
987567 1942500 2
954156 1942500 1
988344 1942500 2
953379 1942500 1
989121 1942500 2
952602 1942500 1
989898 1942500 2
951825 1942500 1
990675 1942500 2
951048 1942500 1
991452 1942500 2
950271 1942500 1
992229 1942500 2
949494 1942500 1
993006 1942500 2
948717 1942500 1
993783 1942500 2
947940 1942500 1
994560 1942500 2
947163 1942500 1
995337 1942500 2
946386 1942500 1
996114 1942500 2
945609 1942500 1
996891 1942500 2
944832 1942500 1
997668 1942500 2
944055 1942500 1
998445 1942500 2
943278 1942500 1
999222 1942500 2
942501 1942500 1
999999 1942500 2
941724 1942500 1
1000776 1942500 2
940947 1942500 1
1001553 1942500 2
940170 1942500 1
1002330 1942500 2
939393 1942500 1
1003107 1942500 2
938616 1942500 1
1003884 1942500 2
937839 1942500 1
1004661 1942500 2
937062 1942500 1
1005438 1942500 2
936285 1942500 1
1006215 1942500 2
935508 1942500 1
1006992 1942500 2
934731 1942500 1
1007769 1942500 2
933954 1942500 1
1008546 1942500 2
933177 1942500 1
1009323 1942500 2
932400 1942500 1
1010100 1942500 2
931623 1942500 1
1010877 1942500 2
930846 1942500 1
1011654 1942500 2
930069 1942500 1
1012431 1942500 2
929292 1942500 1
1013208 1942500 2
928515 1942500 1
1013985 1942500 2
927738 1942500 1
1014762 1942500 2
926961 1942500 1
1015539 1942500 2
926184 1942500 1
1016316 1942500 2
925407 1942500 1
1017093 1942500 2
924630 1942500 1
1017870 1942500 2
923853 1942500 1
1018647 1942500 2
923076 1942500 1
1019424 1942500 2
922299 1942500 1
1020201 1942500 2
921522 1942500 1
1020978 1942500 2
920745 1942500 1
1021755 1942500 2
919968 1942500 1
1022532 1942500 2
919191 1942500 1
1023309 1942500 2
918414 1942500 1
1024086 1942500 2
917637 1942500 1
1024863 1942500 2
916860 1942500 1
1025640 1942500 2
916083 1942500 1
1026417 1942500 2
915306 1942500 1
1027194 1942500 2
914529 1942500 1
1027971 1942500 2
913752 1942500 1
1028748 1942500 2
912975 1942500 1
1029525 1942500 2
912198 1942500 1
1030302 1942500 2
911421 1942500 1
1031079 1942500 2
910644 1942500 1
1031856 1942500 2
909867 1942500 1
1032633 1942500 2
909090 1942500 1
1033410 1942500 2
908313 1942500 1
1034187 1942500 2
907536 1942500 1
1034964 1942500 2
906759 1942500 1
1035741 1942500 2
905982 1942500 1
1036518 1942500 2
905205 1942500 1
1037295 1942500 2
904428 1942500 1
1038072 1942500 2
903651 1942500 1
1038849 1942500 2
902874 1942500 1
1039626 1942500 2
902097 1942500 1
1040403 1942500 2
901320 1942500 1
1041180 1942500 2
900543 1942500 1
1041957 1942500 2
899766 1942500 1
1042734 1942500 2
898989 1942500 1
1043511 1942500 2
898212 1942500 1
1044288 1942500 2
897435 1942500 1
1045065 1942500 2
896658 1942500 1
1045842 1942500 2
895881 1942500 1
1046619 1942500 2
895104 1942500 1
1047396 1942500 2
894327 1942500 1
1048173 1942500 2
893550 1942500 1
1048950 1942500 2
892773 1942500 1
1049727 1942500 2
891996 1942500 1
1050504 1942500 2
891219 1942500 1
1051281 1942500 2
890442 1942500 1
1052058 1942500 2
889665 1942500 1
1052835 1942500 2
888888 1942500 1
1053612 1942500 2
888111 1942500 1
1054389 1942500 2
887334 1942500 1
1055166 1942500 2
886557 1942500 1
1055943 1942500 2
885780 1942500 1
1056720 1942500 2
885003 1942500 1
1057497 1942500 2
884226 1942500 1
1058274 1942500 2
883449 1942500 1
1059051 1942500 2
882672 1942500 1
1059828 1942500 2
881895 1942500 1
1060605 1942500 2
881118 1942500 1
1061382 1942500 2
880341 1942500 1
1062159 1942500 2
879564 1942500 1
1062936 1942500 2
878787 1942500 1
1063713 1942500 2
878010 1942500 1
1064490 1942500 2
877233 1942500 1
1065267 1942500 2
876456 1942500 1
1066044 1942500 2
875679 1942500 1
1066821 1942500 2
874902 1942500 1
1067598 1942500 2
874125 1942500 1
1068375 1942500 2
873348 1942500 1
1069152 1942500 2
872571 1942500 1
1069929 1942500 2
871794 1942500 1
1070706 1942500 2
871017 1942500 1
1071483 1942500 2
870240 1942500 1
1072260 1942500 2
869463 1942500 1
1073037 1942500 2
868686 1942500 1
1073814 1942500 2
867909 1942500 1
1074591 1942500 2
867132 1942500 1
1075368 1942500 2
866355 1942500 1
1076145 1942500 2
865578 1942500 1
1076922 1942500 2
864801 1942500 1
1077699 1942500 2
864024 1942500 1
1078476 1942500 2
863247 1942500 1
1079253 1942500 2
862470 1942500 1
1080030 1942500 2
861693 1942500 1
1080807 1942500 2
860916 1942500 1
1081584 1942500 2
860139 1942500 1
1082361 1942500 2
859362 1942500 1
1083138 1942500 2
858585 1942500 1
1083915 1942500 2
857808 1942500 1
1084692 1942500 2
857031 1942500 1
1085469 1942500 2
856254 1942500 1
1086246 1942500 2
855477 1942500 1
1087023 1942500 2
854700 1942500 1
1087800 1942500 2
853923 1942500 1
1088577 1942500 2
853146 1942500 1
1089354 1942500 2
852369 1942500 1
1090131 1942500 2
851592 1942500 1
1090908 1942500 2
850815 1942500 1
1091685 1942500 2
850038 1942500 1
1092462 1942500 2
849261 1942500 1
1093239 1942500 2
848484 1942500 1
1094016 1942500 2
847707 1942500 1
1094793 1942500 2
846930 1942500 1
1095570 1942500 2
846153 1942500 1
1096347 1942500 2
845376 1942500 1
1097124 1942500 2
844599 1942500 1
1097901 1942500 2
843822 1942500 1
1098678 1942500 2
843045 1942500 1
1099455 1942500 2
842268 1942500 1
1100232 1942500 2
841491 1942500 1
1101009 1942500 2
840714 1942500 1
1101786 1942500 2
839937 1942500 1
1102563 1942500 2
839160 1942500 1
1103340 1942500 2
838383 1942500 1
1104117 1942500 2
837606 1942500 1
1104894 1942500 2
836829 1942500 1
1105671 1942500 2
836052 1942500 1
1106448 1942500 2
835275 1942500 1
1107225 1942500 2
834498 1942500 1
1108002 1942500 2
833721 1942500 1
1108779 1942500 2
832944 1942500 1
1109556 1942500 2
832167 1942500 1
1110333 1942500 2
831390 1942500 1
1111110 1942500 2
830613 1942500 1
1111887 1942500 2
829836 1942500 1
1112664 1942500 2
829059 1942500 1
1113441 1942500 2
828282 1942500 1
1114218 1942500 2
827505 1942500 1
1114995 1942500 2
826728 1942500 1
1115772 1942500 2
825951 1942500 1
1116549 1942500 2
825174 1942500 1
1117326 1942500 2
824397 1942500 1
1118103 1942500 2
823620 1942500 1
1118880 1942500 2
822843 1942500 1
1119657 1942500 2
822066 1942500 1
1120434 1942500 2
821289 1942500 1
1121211 1942500 2
820512 1942500 1
1121988 1942500 2
819735 1942500 1
1122765 1942500 2
818958 1942500 1
1123542 1942500 2
818181 1942500 1
1124319 1942500 2
817404 1942500 1
1125096 1942500 2
816627 1942500 1
1125873 1942500 2
815850 1942500 1
1126650 1942500 2
815073 1942500 1
1127427 1942500 2
814296 1942500 1
1128204 1942500 2
813519 1942500 1
1128981 1942500 2
812742 1942500 1
1129758 1942500 2
811965 1942500 1
1130535 1942500 2
811188 1942500 1
1131312 1942500 2
810411 1942500 1
1132089 1942500 2
809634 1942500 1
1132866 1942500 2
808857 1942500 1
1133643 1942500 2
808080 1942500 1
1134420 1942500 2
807303 1942500 1
1135197 1942500 2
806526 1942500 1
1135974 1942500 2
805749 1942500 1
1136751 1942500 2
804972 1942500 1
1137528 1942500 2
804195 1942500 1
1138305 1942500 2
803418 1942500 1
1139082 1942500 2
802641 1942500 1
1139859 1942500 2
801864 1942500 1
1140636 1942500 2
801087 1942500 1
1141413 1942500 2
800310 1942500 1
1142190 1942500 2
799533 1942500 1
1142967 1942500 2
798756 1942500 1
1143744 1942500 2
797979 1942500 1
1144521 1942500 2
797202 1942500 1
1145298 1942500 2
796425 1942500 1
1146075 1942500 2
795648 1942500 1
1146852 1942500 2
794871 1942500 1
1147629 1942500 2
794094 1942500 1
1148406 1942500 2
793317 1942500 1
1149183 1942500 2
792540 1942500 1
1149960 1942500 2
791763 1942500 1
1150737 1942500 2
790986 1942500 1
1151514 1942500 2
790209 1942500 1
1152291 1942500 2
789432 1942500 1
1153068 1942500 2
788655 1942500 1
1153845 1942500 2
787878 1942500 1
1154622 1942500 2
787101 1942500 1
1155399 1942500 2
786324 1942500 1
1156176 1942500 2
785547 1942500 1
1156953 1942500 2
784770 1942500 1
1157730 1942500 2
783993 1942500 1
1158507 1942500 2
783216 1942500 1
1159284 1942500 2
782439 1942500 1
1160061 1942500 2
781662 1942500 1
1160838 1942500 2
780885 1942500 1
1161615 1942500 2
780108 1942500 1
1162392 1942500 2
779331 1942500 1
1163169 1942500 2
778554 1942500 1
1163946 1942500 2
777777 1942500 1
1164723 1942500 2
777000 1942500 1
1165500 1942500 2
776223 1942500 1
1166277 1942500 2
775446 1942500 1
1167054 1942500 2
774669 1942500 1
1167831 1942500 2
773892 1942500 1
1168608 1942500 2
773115 1942500 1
1169385 1942500 2
772338 1942500 1
1170162 1942500 2
771561 1942500 1
1170939 1942500 2
770784 1942500 1
1171716 1942500 2
770007 1942500 1
1172493 1942500 2
769230 1942500 1
1173270 1942500 2
768453 1942500 1
1174047 1942500 2
767676 1942500 1
1174824 1942500 2
766899 1942500 1
1175601 1942500 2
766122 1942500 1
1176378 1942500 2
765345 1942500 1
1177155 1942500 2
764568 1942500 1
1177932 1942500 2
763791 1942500 1
1178709 1942500 2
763014 1942500 1
1179486 1942500 2
762237 1942500 1
1180263 1942500 2
761460 1942500 1
1181040 1942500 2
760683 1942500 1
1181817 1942500 2
759906 1942500 1
1182594 1942500 2
759129 1942500 1
1183371 1942500 2
758352 1942500 1
1184148 1942500 2
757575 1942500 1
1184925 1942500 2
756798 1942500 1
1185702 1942500 2
756021 1942500 1
1186479 1942500 2
755244 1942500 1
1187256 1942500 2
754467 1942500 1
1188033 1942500 2
753690 1942500 1
1188810 1942500 2
752913 1942500 1
1189587 1942500 2
752136 1942500 1
1190364 1942500 2
751359 1942500 1
1191141 1942500 2
750582 1942500 1
1191918 1942500 2
749805 1942500 1
1192695 1942500 2
749028 1942500 1
1193472 1942500 2
748251 1942500 1
1194249 1942500 2
747474 1942500 1
1195026 1942500 2
746697 1942500 1
1195803 1942500 2
745920 1942500 1
1196580 1942500 2
745143 1942500 1
1197357 1942500 2
744366 1942500 1
1198134 1942500 2
743589 1942500 1
1198911 1942500 2
742812 1942500 1
1199688 1942500 2
742035 1942500 1
1200465 1942500 2
741258 1942500 1
1201242 1942500 2
740481 1942500 1
1202019 1942500 2
739704 1942500 1
1202796 1942500 2
738927 1942500 1
1203573 1942500 2
738150 1942500 1
1204350 1942500 2
737373 1942500 1
1205127 1942500 2
736596 1942500 1
1205904 1942500 2
735819 1942500 1
1206681 1942500 2
735042 1942500 1
1207458 1942500 2
734265 1942500 1
1208235 1942500 2
733488 1942500 1
1209012 1942500 2
732711 1942500 1
1209789 1942500 2
731934 1942500 1
1210566 1942500 2
731157 1942500 1
1211343 1942500 2
730380 1942500 1
1212120 1942500 2
729603 1942500 1
1212897 1942500 2
728826 1942500 1
1213674 1942500 2
728049 1942500 1
1214451 1942500 2
727272 1942500 1
1215228 1942500 2
726495 1942500 1
1216005 1942500 2
725718 1942500 1
1216782 1942500 2
724941 1942500 1
1217559 1942500 2
724164 1942500 1
1218336 1942500 2
723387 1942500 1
1219113 1942500 2
722610 1942500 1
1219890 1942500 2
721833 1942500 1
1220667 1942500 2
721056 1942500 1
1221444 1942500 2
720279 1942500 1
1222221 1942500 2
719502 1942500 1
1222998 1942500 2
718725 1942500 1
1223775 1942500 2
717948 1942500 1
1224552 1942500 2
717171 1942500 1
1225329 1942500 2
716394 1942500 1
1226106 1942500 2
715617 1942500 1
1226883 1942500 2
714840 1942500 1
1227660 1942500 2
714063 1942500 1
1228437 1942500 2
713286 1942500 1
1229214 1942500 2
712509 1942500 1
1229991 1942500 2
711732 1942500 1
1230768 1942500 2
710955 1942500 1
1231545 1942500 2
710178 1942500 1
1232322 1942500 2
709401 1942500 1
1233099 1942500 2
708624 1942500 1
1233876 1942500 2
707847 1942500 1
1234653 1942500 2
707070 1942500 1
1235430 1942500 2
706293 1942500 1
1236207 1942500 2
705516 1942500 1
1236984 1942500 2
704739 1942500 1
1237761 1942500 2
703962 1942500 1
1238538 1942500 2
703185 1942500 1
1239315 1942500 2
702408 1942500 1
1240092 1942500 2
701631 1942500 1
1240869 1942500 2
700854 1942500 1
1241646 1942500 2
700077 1942500 1
1242423 1942500 2
699300 1942500 1
1243200 1942500 2
698523 1942500 1
1243977 1942500 2
697746 1942500 1
1244754 1942500 2
696969 1942500 1
1245531 1942500 2
696192 1942500 1
1246308 1942500 2
695415 1942500 1
1247085 1942500 2
694638 1942500 1
1247862 1942500 2
693861 1942500 1
1248639 1942500 2
693084 1942500 1
1249416 1942500 2
692307 1942500 1
1250193 1942500 2
691530 1942500 1
1250970 1942500 2
690753 1942500 1
1251747 1942500 2
689976 1942500 1
1252524 1942500 2
689199 1942500 1
1253301 1942500 2
688422 1942500 1
1254078 1942500 2
687645 1942500 1
1254855 1942500 2
686868 1942500 1
1255632 1942500 2
686091 1942500 1
1256409 1942500 2
685314 1942500 1
1257186 1942500 2
684537 1942500 1
1257963 1942500 2
683760 1942500 1
1258740 1942500 2
682983 1942500 1
1259517 1942500 2
682206 1942500 1
1260294 1942500 2
681429 1942500 1
1261071 1942500 2
680652 1942500 1
1261848 1942500 2
679875 1942500 1
1262625 1942500 2
679098 1942500 1
1263402 1942500 2
678321 1942500 1
1264179 1942500 2
677544 1942500 1
1264956 1942500 2
676767 1942500 1
1265733 1942500 2
675990 1942500 1
1266510 1942500 2
675213 1942500 1
1267287 1942500 2
674436 1942500 1
1268064 1942500 2
673659 1942500 1
1268841 1942500 2
672882 1942500 1
1269618 1942500 2
672105 1942500 1
1270395 1942500 2
671328 1942500 1
1271172 1942500 2
670551 1942500 1
1271949 1942500 2
669774 1942500 1
1272726 1942500 2
668997 1942500 1
1273503 1942500 2
668220 1942500 1
1274280 1942500 2
667443 1942500 1
1275057 1942500 2
666666 1942500 1
1275834 1942500 2
665889 1942500 1
1276611 1942500 2
665112 1942500 1
1277388 1942500 2
664335 1942500 1
1278165 1942500 2
663558 1942500 1
1278942 1942500 2
662781 1942500 1
1279719 1942500 2
662004 1942500 1
1280496 1942500 2
661227 1942500 1
1281273 1942500 2
660450 1942500 1
1282050 1942500 2
659673 1942500 1
1282827 1942500 2
658896 1942500 1
1283604 1942500 2
658119 1942500 1
1284381 1942500 2
657342 1942500 1
1285158 1942500 2
656565 1942500 1
1285935 1942500 2
655788 1942500 1
1286712 1942500 2
655011 1942500 1
1287489 1942500 2
654234 1942500 1
1288266 1942500 2
653457 1942500 1
1289043 1942500 2
652680 1942500 1
1289820 1942500 2
651903 1942500 1
1290597 1942500 2
651126 1942500 1
1291374 1942500 2
650349 1942500 1
1292151 1942500 2
649572 1942500 1
1292928 1942500 2
648795 1942500 1
1293705 1942500 2
648018 1942500 1
1294482 1942500 2
647241 1942500 1
1295259 1942500 2
646464 1942500 1
1296036 1942500 2
645687 1942500 1
1296813 1942500 2
644910 1942500 1
1297590 1942500 2
644133 1942500 1
1298367 1942500 2
643356 1942500 1
1299144 1942500 2
642579 1942500 1
1299921 1942500 2
641802 1942500 1
1300698 1942500 2
641025 1942500 1
1301475 1942500 2
640248 1942500 1
1302252 1942500 2
639471 1942500 1
1303029 1942500 2
638694 1942500 1
1303806 1942500 2
637917 1942500 1
1304583 1942500 2
637140 1942500 1
1305360 1942500 2
636363 1942500 1
1306137 1942500 2
635586 1942500 1
1306914 1942500 2
634809 1942500 1
1307691 1942500 2
634032 1942500 1
1308468 1942500 2
633255 1942500 1
1309245 1942500 2
632478 1942500 1
1310022 1942500 2
631701 1942500 1
1310799 1942500 2
630924 1942500 1
1311576 1942500 2
630147 1942500 1
1312353 1942500 2
629370 1942500 1
1313130 1942500 2
628593 1942500 1
1313907 1942500 2
627816 1942500 1
1314684 1942500 2
627039 1942500 1
1315461 1942500 2
626262 1942500 1
1316238 1942500 2
625485 1942500 1
1317015 1942500 2
624708 1942500 1
1317792 1942500 2
623931 1942500 1
1318569 1942500 2
623154 1942500 1
1319346 1942500 2
622377 1942500 1
1320123 1942500 2
621600 1942500 1
1320900 1942500 2
620823 1942500 1
1321677 1942500 2
620046 1942500 1
1322454 1942500 2
619269 1942500 1
1323231 1942500 2
618492 1942500 1
1324008 1942500 2
617715 1942500 1
1324785 1942500 2
616938 1942500 1
1325562 1942500 2
616161 1942500 1
1326339 1942500 2
615384 1942500 1
1327116 1942500 2
614607 1942500 1
1327893 1942500 2
613830 1942500 1
1328670 1942500 2
613053 1942500 1
1329447 1942500 2
612276 1942500 1
1330224 1942500 2
611499 1942500 1
1331001 1942500 2
610722 1942500 1
1331778 1942500 2
609945 1942500 1
1332555 1942500 2
609168 1942500 1
1333332 1942500 2
608391 1942500 1
1334109 1942500 2
607614 1942500 1
1334886 1942500 2
606837 1942500 1
1335663 1942500 2
606060 1942500 1
1336440 1942500 2
605283 1942500 1
1337217 1942500 2
604506 1942500 1
1337994 1942500 2
603729 1942500 1
1338771 1942500 2
602952 1942500 1
1339548 1942500 2
602175 1942500 1
1340325 1942500 2
601398 1942500 1
1341102 1942500 2
600621 1942500 1
1341879 1942500 2
599844 1942500 1
1342656 1942500 2
599067 1942500 1
1343433 1942500 2
598290 1942500 1
1344210 1942500 2
597513 1942500 1
1344987 1942500 2
596736 1942500 1
1345764 1942500 2
595959 1942500 1
1346541 1942500 2
595182 1942500 1
1347318 1942500 2
594405 1942500 1
1348095 1942500 2
593628 1942500 1
1348872 1942500 2
592851 1942500 1
1349649 1942500 2
592074 1942500 1
1350426 1942500 2
591297 1942500 1
1351203 1942500 2
590520 1942500 1
1351980 1942500 2
589743 1942500 1
1352757 1942500 2
588966 1942500 1
1353534 1942500 2
588189 1942500 1
1354311 1942500 2
587412 1942500 1
1355088 1942500 2
586635 1942500 1
1355865 1942500 2
585858 1942500 1
1356642 1942500 2
585081 1942500 1
1357419 1942500 2
584304 1942500 1
1358196 1942500 2
583527 1942500 1
1358973 1942500 2
582750 1942500 1
1359750 1942500 2
581973 1942500 1
1360527 1942500 2
581196 1942500 1
1361304 1942500 2
580419 1942500 1
1362081 1942500 2
579642 1942500 1
1362858 1942500 2
578865 1942500 1
1363635 1942500 2
578088 1942500 1
1364412 1942500 2
577311 1942500 1
1365189 1942500 2
576534 1942500 1
1365966 1942500 2
575757 1942500 1
1366743 1942500 2
574980 1942500 1
1367520 1942500 2
574203 1942500 1
1368297 1942500 2
573426 1942500 1
1369074 1942500 2
572649 1942500 1
1369851 1942500 2
571872 1942500 1
1370628 1942500 2
571095 1942500 1
1371405 1942500 2
570318 1942500 1
1372182 1942500 2
569541 1942500 1
1372959 1942500 2
568764 1942500 1
1373736 1942500 2
567987 1942500 1
1374513 1942500 2
567210 1942500 1
1375290 1942500 2
566433 1942500 1
1376067 1942500 2
565656 1942500 1
1376844 1942500 2
564879 1942500 1
1377621 1942500 2
564102 1942500 1
1378398 1942500 2
563325 1942500 1
1379175 1942500 2
562548 1942500 1
1379952 1942500 2
561771 1942500 1
1380729 1942500 2
560994 1942500 1
1381506 1942500 2
560217 1942500 1
1382283 1942500 2
559440 1942500 1
1383060 1942500 2
558663 1942500 1
1383837 1942500 2
557886 1942500 1
1384614 1942500 2
557109 1942500 1
1385391 1942500 2
556332 1942500 1
1386168 1942500 2
555555 1942500 1
1386945 1942500 2
554778 1942500 1
1387722 1942500 2
554001 1942500 1
1388499 1942500 2
553224 1942500 1
1389276 1942500 2
552447 1942500 1
1390053 1942500 2
551670 1942500 1
1390830 1942500 2
550893 1942500 1
1391607 1942500 2
550116 1942500 1
1392384 1942500 2
549339 1942500 1
1393161 1942500 2
548562 1942500 1
1393938 1942500 2
547785 1942500 1
1394715 1942500 2
547008 1942500 1
1395492 1942500 2
546231 1942500 1
1396269 1942500 2
545454 1942500 1
1397046 1942500 2
544677 1942500 1
1397823 1942500 2
543900 1942500 1
1398600 1942500 2
543123 1942500 1
1399377 1942500 2
542346 1942500 1
1400154 1942500 2
541569 1942500 1
1400931 1942500 2
540792 1942500 1
1401708 1942500 2
540015 1942500 1
1402485 1942500 2
539238 1942500 1
1403262 1942500 2
538461 1942500 1
1404039 1942500 2
537684 1942500 1
1404816 1942500 2
536907 1942500 1
1405593 1942500 2
536130 1942500 1
1406370 1942500 2
535353 1942500 1
1407147 1942500 2
534576 1942500 1
1407924 1942500 2
533799 1942500 1
1408701 1942500 2
533022 1942500 1
1409478 1942500 2
532245 1942500 1
1410255 1942500 2
531468 1942500 1
1411032 1942500 2
530691 1942500 1
1411809 1942500 2
529914 1942500 1
1412586 1942500 2
529137 1942500 1
1413363 1942500 2
528360 1942500 1
1414140 1942500 2
527583 1942500 1
1414917 1942500 2
526806 1942500 1
1415694 1942500 2
526029 1942500 1
1416471 1942500 2
525252 1942500 1
1417248 1942500 2
524475 1942500 1
1418025 1942500 2
523698 1942500 1
1418802 1942500 2
522921 1942500 1
1419579 1942500 2
522144 1942500 1
1420356 1942500 2
521367 1942500 1
1421133 1942500 2
520590 1942500 1
1421910 1942500 2
519813 1942500 1
1422687 1942500 2
519036 1942500 1
1423464 1942500 2
518259 1942500 1
1424241 1942500 2
517482 1942500 1
1425018 1942500 2
516705 1942500 1
1425795 1942500 2
515928 1942500 1
1426572 1942500 2
515151 1942500 1
1427349 1942500 2
514374 1942500 1
1428126 1942500 2
513597 1942500 1
1428903 1942500 2
512820 1942500 1
1429680 1942500 2
512043 1942500 1
1430457 1942500 2
511266 1942500 1
1431234 1942500 2
510489 1942500 1
1432011 1942500 2
509712 1942500 1
1432788 1942500 2
508935 1942500 1
1433565 1942500 2
508158 1942500 1
1434342 1942500 2
507381 1942500 1
1435119 1942500 2
506604 1942500 1
1435896 1942500 2
505827 1942500 1
1436673 1942500 2
505050 1942500 1
1437450 1942500 2
504273 1942500 1
1438227 1942500 2
503496 1942500 1
1439004 1942500 2
502719 1942500 1
1439781 1942500 2
501942 1942500 1
1440558 1942500 2
501165 1942500 1
1441335 1942500 2
500388 1942500 1
1442112 1942500 2
499611 1942500 1
1442889 1942500 2
498834 1942500 1
1443666 1942500 2
498057 1942500 1
1444443 1942500 2
497280 1942500 1
1445220 1942500 2
496503 1942500 1
1445997 1942500 2
495726 1942500 1
1446774 1942500 2
494949 1942500 1
1447551 1942500 2
494172 1942500 1
1448328 1942500 2
493395 1942500 1
1449105 1942500 2
492618 1942500 1
1449882 1942500 2
491841 1942500 1
1450659 1942500 2
491064 1942500 1
1451436 1942500 2
490287 1942500 1
1452213 1942500 2
489510 1942500 1
1452990 1942500 2
488733 1942500 1
1453767 1942500 2
487956 1942500 1
1454544 1942500 2
487179 1942500 1
1455321 1942500 2
486402 1942500 1
1456098 1942500 2
485625 1942500 1
1456875 1942500 2
484848 1942500 1
1457652 1942500 2
484071 1942500 1
1458429 1942500 2
483294 1942500 1
1459206 1942500 2
482517 1942500 1
1459983 1942500 2
481740 1942500 1
1460760 1942500 2
480963 1942500 1
1461537 1942500 2
480186 1942500 1
1462314 1942500 2
479409 1942500 1
1463091 1942500 2
478632 1942500 1
1463868 1942500 2
477855 1942500 1
1464645 1942500 2
477078 1942500 1
1465422 1942500 2
476301 1942500 1
1466199 1942500 2
475524 1942500 1
1466976 1942500 2
474747 1942500 1
1467753 1942500 2
473970 1942500 1
1468530 1942500 2
473193 1942500 1
1469307 1942500 2
472416 1942500 1
1470084 1942500 2
471639 1942500 1
1470861 1942500 2
470862 1942500 1
1471638 1942500 2
470085 1942500 1
1472415 1942500 2
469308 1942500 1
1473192 1942500 2
468531 1942500 1
1473969 1942500 2
467754 1942500 1
1474746 1942500 2
466977 1942500 1
1475523 1942500 2
466200 1942500 1
1476300 1942500 2
465423 1942500 1
1477077 1942500 2
464646 1942500 1
1477854 1942500 2
463869 1942500 1
1478631 1942500 2
463092 1942500 1
1479408 1942500 2
462315 1942500 1
1480185 1942500 2
461538 1942500 1
1480962 1942500 2
460761 1942500 1
1481739 1942500 2
459984 1942500 1
1482516 1942500 2
459207 1942500 1
1483293 1942500 2
458430 1942500 1
1484070 1942500 2
457653 1942500 1
1484847 1942500 2
456876 1942500 1
1485624 1942500 2
456099 1942500 1
1486401 1942500 2
455322 1942500 1
1487178 1942500 2
454545 1942500 1
1487955 1942500 2
453768 1942500 1
1488732 1942500 2
452991 1942500 1
1489509 1942500 2
452214 1942500 1
1490286 1942500 2
451437 1942500 1
1491063 1942500 2
450660 1942500 1
1491840 1942500 2
449883 1942500 1
1492617 1942500 2
449106 1942500 1
1493394 1942500 2
448329 1942500 1
1494171 1942500 2
447552 1942500 1
1494948 1942500 2
446775 1942500 1
1495725 1942500 2
445998 1942500 1
1496502 1942500 2
445221 1942500 1
1497279 1942500 2
444444 1942500 1
1498056 1942500 2
443667 1942500 1
1498833 1942500 2
442890 1942500 1
1499610 1942500 2
442113 1942500 1
1500387 1942500 2
441336 1942500 1
1501164 1942500 2
440559 1942500 1
1501941 1942500 2
439782 1942500 1
1502718 1942500 2
439005 1942500 1
1503495 1942500 2
438228 1942500 1
1504272 1942500 2
437451 1942500 1
1505049 1942500 2
436674 1942500 1
1505826 1942500 2
435897 1942500 1
1506603 1942500 2
435120 1942500 1
1507380 1942500 2
434343 1942500 1
1508157 1942500 2
433566 1942500 1
1508934 1942500 2
432789 1942500 1
1509711 1942500 2
432012 1942500 1
1510488 1942500 2
431235 1942500 1
1511265 1942500 2
430458 1942500 1
1512042 1942500 2
429681 1942500 1
1512819 1942500 2
428904 1942500 1
1513596 1942500 2
428127 1942500 1
1514373 1942500 2
427350 1942500 1
1515150 1942500 2
426573 1942500 1
1515927 1942500 2
425796 1942500 1
1516704 1942500 2
425019 1942500 1
1517481 1942500 2
424242 1942500 1
1518258 1942500 2
423465 1942500 1
1519035 1942500 2
422688 1942500 1
1519812 1942500 2
421911 1942500 1
1520589 1942500 2
421134 1942500 1
1521366 1942500 2
420357 1942500 1
1522143 1942500 2
419580 1942500 1
1522920 1942500 2
418803 1942500 1
1523697 1942500 2
418026 1942500 1
1524474 1942500 2
417249 1942500 1
1525251 1942500 2
416472 1942500 1
1526028 1942500 2
415695 1942500 1
1526805 1942500 2
414918 1942500 1
1527582 1942500 2
414141 1942500 1
1528359 1942500 2
413364 1942500 1
1529136 1942500 2
412587 1942500 1
1529913 1942500 2
411810 1942500 1
1530690 1942500 2
411033 1942500 1
1531467 1942500 2
410256 1942500 1
1532244 1942500 2
409479 1942500 1
1533021 1942500 2
408702 1942500 1
1533798 1942500 2
407925 1942500 1
1534575 1942500 2
407148 1942500 1
1535352 1942500 2
406371 1942500 1
1536129 1942500 2
405594 1942500 1
1536906 1942500 2
404817 1942500 1
1537683 1942500 2
404040 1942500 1
1538460 1942500 2
403263 1942500 1
1539237 1942500 2
402486 1942500 1
1540014 1942500 2
401709 1942500 1
1540791 1942500 2
400932 1942500 1
1541568 1942500 2
400155 1942500 1
1542345 1942500 2
399378 1942500 1
1543122 1942500 2
398601 1942500 1
1543899 1942500 2
397824 1942500 1
1544676 1942500 2
397047 1942500 1
1545453 1942500 2
396270 1942500 1
1546230 1942500 2
395493 1942500 1
1547007 1942500 2
394716 1942500 1
1547784 1942500 2
393939 1942500 1
1548561 1942500 2
393162 1942500 1
1549338 1942500 2
392385 1942500 1
1550115 1942500 2
391608 1942500 1
1550892 1942500 2
390831 1942500 1
1551669 1942500 2
390054 1942500 1
1552446 1942500 2
389277 1942500 1
1553223 1942500 2
388500 1942500 1
1554000 1942500 2
387723 1942500 1
1554777 1942500 2
386946 1942500 1
1555554 1942500 2
386169 1942500 1
1556331 1942500 2
385392 1942500 1
1557108 1942500 2
384615 1942500 1
1557885 1942500 2
383838 1942500 1
1558662 1942500 2
383061 1942500 1
1559439 1942500 2
382284 1942500 1
1560216 1942500 2
381507 1942500 1
1560993 1942500 2
380730 1942500 1
1561770 1942500 2
379953 1942500 1
1562547 1942500 2
379176 1942500 1
1563324 1942500 2
378399 1942500 1
1564101 1942500 2
377622 1942500 1
1564878 1942500 2
376845 1942500 1
1565655 1942500 2
376068 1942500 1
1566432 1942500 2
375291 1942500 1
1567209 1942500 2
374514 1942500 1
1567986 1942500 2
373737 1942500 1
1568763 1942500 2
372960 1942500 1
1569540 1942500 2
372183 1942500 1
1570317 1942500 2
371406 1942500 1
1571094 1942500 2
370629 1942500 1
1571871 1942500 2
369852 1942500 1
1572648 1942500 2
369075 1942500 1
1573425 1942500 2
368298 1942500 1
1574202 1942500 2
367521 1942500 1
1574979 1942500 2
366744 1942500 1
1575756 1942500 2
365967 1942500 1
1576533 1942500 2
365190 1942500 1
1577310 1942500 2
364413 1942500 1
1578087 1942500 2
363636 1942500 1
1578864 1942500 2
362859 1942500 1
1579641 1942500 2
362082 1942500 1
1580418 1942500 2
361305 1942500 1
1581195 1942500 2
360528 1942500 1
1581972 1942500 2
359751 1942500 1
1582749 1942500 2
358974 1942500 1
1583526 1942500 2
358197 1942500 1
1584303 1942500 2
357420 1942500 1
1585080 1942500 2
356643 1942500 1
1585857 1942500 2
355866 1942500 1
1586634 1942500 2
355089 1942500 1
1587411 1942500 2
354312 1942500 1
1588188 1942500 2
353535 1942500 1
1588965 1942500 2
352758 1942500 1
1589742 1942500 2
351981 1942500 1
1590519 1942500 2
351204 1942500 1
1591296 1942500 2
350427 1942500 1
1592073 1942500 2
349650 1942500 1
1592850 1942500 2
348873 1942500 1
1593627 1942500 2
348096 1942500 1
1594404 1942500 2
347319 1942500 1
1595181 1942500 2
346542 1942500 1
1595958 1942500 2
345765 1942500 1
1596735 1942500 2
344988 1942500 1
1597512 1942500 2
344211 1942500 1
1598289 1942500 2
343434 1942500 1
1599066 1942500 2
342657 1942500 1
1599843 1942500 2
341880 1942500 1
1600620 1942500 2
341103 1942500 1
1601397 1942500 2
340326 1942500 1
1602174 1942500 2
339549 1942500 1
1602951 1942500 2
338772 1942500 1
1603728 1942500 2
337995 1942500 1
1604505 1942500 2
337218 1942500 1
1605282 1942500 2
336441 1942500 1
1606059 1942500 2
335664 1942500 1
1606836 1942500 2
334887 1942500 1
1607613 1942500 2
334110 1942500 1
1608390 1942500 2
333333 1942500 1
1609167 1942500 2
332556 1942500 1
1609944 1942500 2
331779 1942500 1
1610721 1942500 2
331002 1942500 1
1611498 1942500 2
330225 1942500 1
1612275 1942500 2
329448 1942500 1
1613052 1942500 2
328671 1942500 1
1613829 1942500 2
327894 1942500 1
1614606 1942500 2
327117 1942500 1
1615383 1942500 2
326340 1942500 1
1616160 1942500 2
325563 1942500 1
1616937 1942500 2
324786 1942500 1
1617714 1942500 2
324009 1942500 1
1618491 1942500 2
323232 1942500 1
1619268 1942500 2
322455 1942500 1
1620045 1942500 2
321678 1942500 1
1620822 1942500 2
320901 1942500 1
1621599 1942500 2
320124 1942500 1
1622376 1942500 2
319347 1942500 1
1623153 1942500 2
318570 1942500 1
1623930 1942500 2
317793 1942500 1
1624707 1942500 2
317016 1942500 1
1625484 1942500 2
316239 1942500 1
1626261 1942500 2
315462 1942500 1
1627038 1942500 2
314685 1942500 1
1627815 1942500 2
313908 1942500 1
1628592 1942500 2
313131 1942500 1
1629369 1942500 2
312354 1942500 1
1630146 1942500 2
311577 1942500 1
1630923 1942500 2
310800 1942500 1
1631700 1942500 2
310023 1942500 1
1632477 1942500 2
309246 1942500 1
1633254 1942500 2
308469 1942500 1
1634031 1942500 2
307692 1942500 1
1634808 1942500 2
306915 1942500 1
1635585 1942500 2
306138 1942500 1
1636362 1942500 2
305361 1942500 1
1637139 1942500 2
304584 1942500 1
1637916 1942500 2
303807 1942500 1
1638693 1942500 2
303030 1942500 1
1639470 1942500 2
302253 1942500 1
1640247 1942500 2
301476 1942500 1
1641024 1942500 2
300699 1942500 1
1641801 1942500 2
299922 1942500 1
1642578 1942500 2
299145 1942500 1
1643355 1942500 2
298368 1942500 1
1644132 1942500 2
297591 1942500 1
1644909 1942500 2
296814 1942500 1
1645686 1942500 2
296037 1942500 1
1646463 1942500 2
295260 1942500 1
1647240 1942500 2
294483 1942500 1
1648017 1942500 2
293706 1942500 1
1648794 1942500 2
292929 1942500 1
1649571 1942500 2
292152 1942500 1
1650348 1942500 2
291375 1942500 1
1651125 1942500 2
290598 1942500 1
1651902 1942500 2
289821 1942500 1
1652679 1942500 2
289044 1942500 1
1653456 1942500 2
288267 1942500 1
1654233 1942500 2
287490 1942500 1
1655010 1942500 2
286713 1942500 1
1655787 1942500 2
285936 1942500 1
1656564 1942500 2
285159 1942500 1
1657341 1942500 2
284382 1942500 1
1658118 1942500 2
283605 1942500 1
1658895 1942500 2
282828 1942500 1
1659672 1942500 2
282051 1942500 1
1660449 1942500 2
281274 1942500 1
1661226 1942500 2
280497 1942500 1
1662003 1942500 2
279720 1942500 1
1662780 1942500 2
278943 1942500 1
1663557 1942500 2
278166 1942500 1
1664334 1942500 2
277389 1942500 1
1665111 1942500 2
276612 1942500 1
1665888 1942500 2
275835 1942500 1
1666665 1942500 2
275058 1942500 1
1667442 1942500 2
274281 1942500 1
1668219 1942500 2
273504 1942500 1
1668996 1942500 2
272727 1942500 1
1669773 1942500 2
271950 1942500 1
1670550 1942500 2
271173 1942500 1
1671327 1942500 2
270396 1942500 1
1672104 1942500 2
269619 1942500 1
1672881 1942500 2
268842 1942500 1
1673658 1942500 2
268065 1942500 1
1674435 1942500 2
267288 1942500 1
1675212 1942500 2
266511 1942500 1
1675989 1942500 2
265734 1942500 1
1676766 1942500 2
264957 1942500 1
1677543 1942500 2
264180 1942500 1
1678320 1942500 2
263403 1942500 1
1679097 1942500 2
262626 1942500 1
1679874 1942500 2
261849 1942500 1
1680651 1942500 2
261072 1942500 1
1681428 1942500 2
260295 1942500 1
1682205 1942500 2
259518 1942500 1
1682982 1942500 2
258741 1942500 1
1683759 1942500 2
257964 1942500 1
1684536 1942500 2
257187 1942500 1
1685313 1942500 2
256410 1942500 1
1686090 1942500 2
255633 1942500 1
1686867 1942500 2
254856 1942500 1
1687644 1942500 2
254079 1942500 1
1688421 1942500 2
253302 1942500 1
1689198 1942500 2
252525 1942500 1
1689975 1942500 2
251748 1942500 1
1690752 1942500 2
250971 1942500 1
1691529 1942500 2
250194 1942500 1
1692306 1942500 2
249417 1942500 1
1693083 1942500 2
248640 1942500 1
1693860 1942500 2
247863 1942500 1
1694637 1942500 2
247086 1942500 1
1695414 1942500 2
246309 1942500 1
1696191 1942500 2
245532 1942500 1
1696968 1942500 2
244755 1942500 1
1697745 1942500 2
243978 1942500 1
1698522 1942500 2
243201 1942500 1
1699299 1942500 2
242424 1942500 1
1700076 1942500 2
241647 1942500 1
1700853 1942500 2
240870 1942500 1
1701630 1942500 2
240093 1942500 1
1702407 1942500 2
239316 1942500 1
1703184 1942500 2
238539 1942500 1
1703961 1942500 2
237762 1942500 1
1704738 1942500 2
236985 1942500 1
1705515 1942500 2
236208 1942500 1
1706292 1942500 2
235431 1942500 1
1707069 1942500 2
234654 1942500 1
1707846 1942500 2
233877 1942500 1
1708623 1942500 2
233100 1942500 1
1709400 1942500 2
232323 1942500 1
1710177 1942500 2
231546 1942500 1
1710954 1942500 2
230769 1942500 1
1711731 1942500 2
229992 1942500 1
1712508 1942500 2
229215 1942500 1
1713285 1942500 2
228438 1942500 1
1714062 1942500 2
227661 1942500 1
1714839 1942500 2
226884 1942500 1
1715616 1942500 2
226107 1942500 1
1716393 1942500 2
225330 1942500 1
1717170 1942500 2
224553 1942500 1
1717947 1942500 2
223776 1942500 1
1718724 1942500 2
222999 1942500 1
1719501 1942500 2
222222 1942500 1
1720278 1942500 2
221445 1942500 1
1721055 1942500 2
220668 1942500 1
1721832 1942500 2
219891 1942500 1
1722609 1942500 2
219114 1942500 1
1723386 1942500 2
218337 1942500 1
1724163 1942500 2
217560 1942500 1
1724940 1942500 2
216783 1942500 1
1725717 1942500 2
216006 1942500 1
1726494 1942500 2
215229 1942500 1
1727271 1942500 2
214452 1942500 1
1728048 1942500 2
213675 1942500 1
1728825 1942500 2
212898 1942500 1
1729602 1942500 2
212121 1942500 1
1730379 1942500 2
211344 1942500 1
1731156 1942500 2
210567 1942500 1
1731933 1942500 2
209790 1942500 1
1732710 1942500 2
209013 1942500 1
1733487 1942500 2
208236 1942500 1
1734264 1942500 2
207459 1942500 1
1735041 1942500 2
206682 1942500 1
1735818 1942500 2
205905 1942500 1
1736595 1942500 2
205128 1942500 1
1737372 1942500 2
204351 1942500 1
1738149 1942500 2
203574 1942500 1
1738926 1942500 2
202797 1942500 1
1739703 1942500 2
202020 1942500 1
1740480 1942500 2
201243 1942500 1
1741257 1942500 2
200466 1942500 1
1742034 1942500 2
199689 1942500 1
1742811 1942500 2
198912 1942500 1
1743588 1942500 2
198135 1942500 1
1744365 1942500 2
197358 1942500 1
1745142 1942500 2
196581 1942500 1
1745919 1942500 2
195804 1942500 1
1746696 1942500 2
195027 1942500 1
1747473 1942500 2
194250 1942500 1
1748250 1942500 2
193473 1942500 1
1749027 1942500 2
192696 1942500 1
1749804 1942500 2
191919 1942500 1
1750581 1942500 2
191142 1942500 1
1751358 1942500 2
190365 1942500 1
1752135 1942500 2
189588 1942500 1
1752912 1942500 2
188811 1942500 1
1753689 1942500 2
188034 1942500 1
1754466 1942500 2
187257 1942500 1
1755243 1942500 2
186480 1942500 1
1756020 1942500 2
185703 1942500 1
1756797 1942500 2
184926 1942500 1
1757574 1942500 2
184149 1942500 1
1758351 1942500 2
183372 1942500 1
1759128 1942500 2
182595 1942500 1
1759905 1942500 2
181818 1942500 1
1760682 1942500 2
181041 1942500 1
1761459 1942500 2
180264 1942500 1
1762236 1942500 2
179487 1942500 1
1763013 1942500 2
178710 1942500 1
1763790 1942500 2
177933 1942500 1
1764567 1942500 2
177156 1942500 1
1765344 1942500 2
176379 1942500 1
1766121 1942500 2
175602 1942500 1
1766898 1942500 2
174825 1942500 1
1767675 1942500 2
174048 1942500 1
1768452 1942500 2
173271 1942500 1
1769229 1942500 2
172494 1942500 1
1770006 1942500 2
171717 1942500 1
1770783 1942500 2
170940 1942500 1
1771560 1942500 2
170163 1942500 1
1772337 1942500 2
169386 1942500 1
1773114 1942500 2
168609 1942500 1
1773891 1942500 2
167832 1942500 1
1774668 1942500 2
167055 1942500 1
1775445 1942500 2
166278 1942500 1
1776222 1942500 2
165501 1942500 1
1776999 1942500 2
164724 1942500 1
1777776 1942500 2
163947 1942500 1
1778553 1942500 2
163170 1942500 1
1779330 1942500 2
162393 1942500 1
1780107 1942500 2
161616 1942500 1
1780884 1942500 2
160839 1942500 1
1781661 1942500 2
160062 1942500 1
1782438 1942500 2
159285 1942500 1
1783215 1942500 2
158508 1942500 1
1783992 1942500 2
157731 1942500 1
1784769 1942500 2
156954 1942500 1
1785546 1942500 2
156177 1942500 1
1786323 1942500 2
155400 1942500 1
1787100 1942500 2
154623 1942500 1
1787877 1942500 2
153846 1942500 1
1788654 1942500 2
153069 1942500 1
1789431 1942500 2
152292 1942500 1
1790208 1942500 2
151515 1942500 1
1790985 1942500 2
150738 1942500 1
1791762 1942500 2
149961 1942500 1
1792539 1942500 2
149184 1942500 1
1793316 1942500 2
148407 1942500 1
1794093 1942500 2
147630 1942500 1
1794870 1942500 2
146853 1942500 1
1795647 1942500 2
146076 1942500 1
1796424 1942500 2
145299 1942500 1
1797201 1942500 2
144522 1942500 1
1797978 1942500 2
143745 1942500 1
1798755 1942500 2
142968 1942500 1
1799532 1942500 2
142191 1942500 1
1800309 1942500 2
141414 1942500 1
1801086 1942500 2
140637 1942500 1
1801863 1942500 2
139860 1942500 1
1802640 1942500 2
139083 1942500 1
1803417 1942500 2
138306 1942500 1
1804194 1942500 2
137529 1942500 1
1804971 1942500 2
136752 1942500 1
1805748 1942500 2
135975 1942500 1
1806525 1942500 2
135198 1942500 1
1807302 1942500 2
134421 1942500 1
1808079 1942500 2
133644 1942500 1
1808856 1942500 2
132867 1942500 1
1809633 1942500 2
132090 1942500 1
1810410 1942500 2
131313 1942500 1
1811187 1942500 2
130536 1942500 1
1811964 1942500 2
129759 1942500 1
1812741 1942500 2
128982 1942500 1
1813518 1942500 2
128205 1942500 1
1814295 1942500 2
127428 1942500 1
1815072 1942500 2
126651 1942500 1
1815849 1942500 2
125874 1942500 1
1816626 1942500 2
125097 1942500 1
1817403 1942500 2
124320 1942500 1
1818180 1942500 2
123543 1942500 1
1818957 1942500 2
122766 1942500 1
1819734 1942500 2
121989 1942500 1
1820511 1942500 2
121212 1942500 1
1821288 1942500 2
120435 1942500 1
1822065 1942500 2
119658 1942500 1
1822842 1942500 2
118881 1942500 1
1823619 1942500 2
118104 1942500 1
1824396 1942500 2
117327 1942500 1
1825173 1942500 2
116550 1942500 1
1825950 1942500 2
115773 1942500 1
1826727 1942500 2
114996 1942500 1
1827504 1942500 2
114219 1942500 1
1828281 1942500 2
113442 1942500 1
1829058 1942500 2
112665 1942500 1
1829835 1942500 2
111888 1942500 1
1830612 1942500 2
111111 1942500 1
1831389 1942500 2
110334 1942500 1
1832166 1942500 2
109557 1942500 1
1832943 1942500 2
108780 1942500 1
1833720 1942500 2
108003 1942500 1
1834497 1942500 2
107226 1942500 1
1835274 1942500 2
106449 1942500 1
1836051 1942500 2
105672 1942500 1
1836828 1942500 2
104895 1942500 1
1837605 1942500 2
104118 1942500 1
1838382 1942500 2
103341 1942500 1
1839159 1942500 2
102564 1942500 1
1839936 1942500 2
101787 1942500 1
1840713 1942500 2
101010 1942500 1
1841490 1942500 2
100233 1942500 1
1842267 1942500 2
99456 1942500 1
1843044 1942500 2
98679 1942500 1
1843821 1942500 2
97902 1942500 1
1844598 1942500 2
97125 1942500 1
1845375 1942500 2
96348 1942500 1
1846152 1942500 2
95571 1942500 1
1846929 1942500 2
94794 1942500 1
1847706 1942500 2
94017 1942500 1
1848483 1942500 2
93240 1942500 1
1849260 1942500 2
92463 1942500 1
1850037 1942500 2
91686 1942500 1
1850814 1942500 2
90909 1942500 1
1851591 1942500 2
90132 1942500 1
1852368 1942500 2
89355 1942500 1
1853145 1942500 2
88578 1942500 1
1853922 1942500 2
87801 1942500 1
1854699 1942500 2
87024 1942500 1
1855476 1942500 2
86247 1942500 1
1856253 1942500 2
85470 1942500 1
1857030 1942500 2
84693 1942500 1
1857807 1942500 2
83916 1942500 1
1858584 1942500 2
83139 1942500 1
1859361 1942500 2
82362 1942500 1
1860138 1942500 2
81585 1942500 1
1860915 1942500 2
80808 1942500 1
1861692 1942500 2
80031 1942500 1
1862469 1942500 2
79254 1942500 1
1863246 1942500 2
78477 1942500 1
1864023 1942500 2
77700 1942500 1
1864800 1942500 2
76923 1942500 1
1865577 1942500 2
76146 1942500 1
1866354 1942500 2
75369 1942500 1
1867131 1942500 2
74592 1942500 1
1867908 1942500 2
73815 1942500 1
1868685 1942500 2
73038 1942500 1
1869462 1942500 2
72261 1942500 1
1870239 1942500 2
71484 1942500 1
1871016 1942500 2
70707 1942500 1
1871793 1942500 2
69930 1942500 1
1872570 1942500 2
69153 1942500 1
1873347 1942500 2
68376 1942500 1
1874124 1942500 2
67599 1942500 1
1874901 1942500 2
66822 1942500 1
1875678 1942500 2
66045 1942500 1
1876455 1942500 2
65268 1942500 1
1877232 1942500 2
64491 1942500 1
1878009 1942500 2
63714 1942500 1
1878786 1942500 2
62937 1942500 1
1879563 1942500 2
62160 1942500 1
1880340 1942500 2
61383 1942500 1
1881117 1942500 2
60606 1942500 1
1881894 1942500 2
59829 1942500 1
1882671 1942500 2
59052 1942500 1
1883448 1942500 2
58275 1942500 1
1884225 1942500 2
57498 1942500 1
1885002 1942500 2
56721 1942500 1
1885779 1942500 2
55944 1942500 1
1886556 1942500 2
55167 1942500 1
1887333 1942500 2
54390 1942500 1
1888110 1942500 2
53613 1942500 1
1888887 1942500 2
52836 1942500 1
1889664 1942500 2
52059 1942500 1
1890441 1942500 2
51282 1942500 1
1891218 1942500 2
50505 1942500 1
1891995 1942500 2
49728 1942500 1
1892772 1942500 2
48951 1942500 1
1893549 1942500 2
48174 1942500 1
1894326 1942500 2
47397 1942500 1
1895103 1942500 2
46620 1942500 1
1895880 1942500 2
45843 1942500 1
1896657 1942500 2
45066 1942500 1
1897434 1942500 2
44289 1942500 1
1898211 1942500 2
43512 1942500 1
1898988 1942500 2
42735 1942500 1
1899765 1942500 2
41958 1942500 1
1900542 1942500 2
41181 1942500 1
1901319 1942500 2
40404 1942500 1
1902096 1942500 2
39627 1942500 1
1902873 1942500 2
38850 1942500 1
1903650 1942500 2
38073 1942500 1
1904427 1942500 2
37296 1942500 1
1905204 1942500 2
36519 1942500 1
1905981 1942500 2
35742 1942500 1
1906758 1942500 2
34965 1942500 1
1907535 1942500 2
34188 1942500 1
1908312 1942500 2
33411 1942500 1
1909089 1942500 2
32634 1942500 1
1909866 1942500 2
31857 1942500 1
1910643 1942500 2
31080 1942500 1
1911420 1942500 2
30303 1942500 1
1912197 1942500 2
29526 1942500 1
1912974 1942500 2
28749 1942500 1
1913751 1942500 2
27972 1942500 1
1914528 1942500 2
27195 1942500 1
1915305 1942500 2
26418 1942500 1
1916082 1942500 2
25641 1942500 1
1916859 1942500 2
24864 1942500 1
1917636 1942500 2
24087 1942500 1
1918413 1942500 2
23310 1942500 1
1919190 1942500 2
22533 1942500 1
1919967 1942500 2
21756 1942500 1
1920744 1942500 2
20979 1942500 1
1921521 1942500 2
20202 1942500 1
1922298 1942500 2
19425 1942500 1
1923075 1942500 2
18648 1942500 1
1923852 1942500 2
17871 1942500 1
1924629 1942500 2
17094 1942500 1
1925406 1942500 2
16317 1942500 1
1926183 1942500 2
15540 1942500 1
1926960 1942500 2
14763 1942500 1
1927737 1942500 2
13986 1942500 1
1928514 1942500 2
13209 1942500 1
1929291 1942500 2
12432 1942500 1
1930068 1942500 2
11655 1942500 1
1930845 1942500 2
10878 1942500 1
1931622 1942500 2
10101 1942500 1
1932399 1942500 2
9324 1942500 1
1933176 1942500 2
8547 1942500 1
1933953 1942500 2
7770 1942500 1
1934730 1942500 2
6993 1942500 1
1935507 1942500 2
6216 1942500 1
1936284 1942500 2
5439 1942500 1
1937061 1942500 2
4662 1942500 1
1937838 1942500 2
3885 1942500 1
1938615 1942500 2
3108 1942500 1
1939392 1942500 2
2331 1942500 1
1940169 1942500 2
1554 1942500 1
1940946 1942500 2
777 1942500 1
1941723 1942500 2
125874 1452213 2
829059 831390 2
