5000
1554000 1553223 1
1554000 777 2
1554000 1552446 1
1554000 1554 2
1554000 1551669 1
1554000 2331 2
1554000 1550892 1
1554000 3108 2
1554000 1550115 1
1554000 3885 2
1554000 1549338 1
1554000 4662 2
1554000 1548561 1
1554000 5439 2
1554000 1547784 1
1554000 6216 2
1554000 1547007 1
1554000 6993 2
1554000 1546230 1
1554000 7770 2
1554000 1545453 1
1554000 8547 2
1554000 1544676 1
1554000 9324 2
1554000 1543899 1
1554000 10101 2
1554000 1543122 1
1554000 10878 2
1554000 1542345 1
1554000 11655 2
1554000 1541568 1
1554000 12432 2
1554000 1540791 1
1554000 13209 2
1554000 1540014 1
1554000 13986 2
1554000 1539237 1
1554000 14763 2
1554000 1538460 1
1554000 15540 2
1554000 1537683 1
1554000 16317 2
1554000 1536906 1
1554000 17094 2
1554000 1536129 1
1554000 17871 2
1554000 1535352 1
1554000 18648 2
1554000 1534575 1
1554000 19425 2
1554000 1533798 1
1554000 20202 2
1554000 1533021 1
1554000 20979 2
1554000 1532244 1
1554000 21756 2
1554000 1531467 1
1554000 22533 2
1554000 1530690 1
1554000 23310 2
1554000 1529913 1
1554000 24087 2
1554000 1529136 1
1554000 24864 2
1554000 1528359 1
1554000 25641 2
1554000 1527582 1
1554000 26418 2
1554000 1526805 1
1554000 27195 2
1554000 1526028 1
1554000 27972 2
1554000 1525251 1
1554000 28749 2
1554000 1524474 1
1554000 29526 2
1554000 1523697 1
1554000 30303 2
1554000 1522920 1
1554000 31080 2
1554000 1522143 1
1554000 31857 2
1554000 1521366 1
1554000 32634 2
1554000 1520589 1
1554000 33411 2
1554000 1519812 1
1554000 34188 2
1554000 1519035 1
1554000 34965 2
1554000 1518258 1
1554000 35742 2
1554000 1517481 1
1554000 36519 2
1554000 1516704 1
1554000 37296 2
1554000 1515927 1
1554000 38073 2
1554000 1515150 1
1554000 38850 2
1554000 1514373 1
1554000 39627 2
1554000 1513596 1
1554000 40404 2
1554000 1512819 1
1554000 41181 2
1554000 1512042 1
1554000 41958 2
1554000 1511265 1
1554000 42735 2
1554000 1510488 1
1554000 43512 2
1554000 1509711 1
1554000 44289 2
1554000 1508934 1
1554000 45066 2
1554000 1508157 1
1554000 45843 2
1554000 1507380 1
1554000 46620 2
1554000 1506603 1
1554000 47397 2
1554000 1505826 1
1554000 48174 2
1554000 1505049 1
1554000 48951 2
1554000 1504272 1
1554000 49728 2
1554000 1503495 1
1554000 50505 2
1554000 1502718 1
1554000 51282 2
1554000 1501941 1
1554000 52059 2
1554000 1501164 1
1554000 52836 2
1554000 1500387 1
1554000 53613 2
1554000 1499610 1
1554000 54390 2
1554000 1498833 1
1554000 55167 2
1554000 1498056 1
1554000 55944 2
1554000 1497279 1
1554000 56721 2
1554000 1496502 1
1554000 57498 2
1554000 1495725 1
1554000 58275 2
1554000 1494948 1
1554000 59052 2
1554000 1494171 1
1554000 59829 2
1554000 1493394 1
1554000 60606 2
1554000 1492617 1
1554000 61383 2
1554000 1491840 1
1554000 62160 2
1554000 1491063 1
1554000 62937 2
1554000 1490286 1
1554000 63714 2
1554000 1489509 1
1554000 64491 2
1554000 1488732 1
1554000 65268 2
1554000 1487955 1
1554000 66045 2
1554000 1487178 1
1554000 66822 2
1554000 1486401 1
1554000 67599 2
1554000 1485624 1
1554000 68376 2
1554000 1484847 1
1554000 69153 2
1554000 1484070 1
1554000 69930 2
1554000 1483293 1
1554000 70707 2
1554000 1482516 1
1554000 71484 2
1554000 1481739 1
1554000 72261 2
1554000 1480962 1
1554000 73038 2
1554000 1480185 1
1554000 73815 2
1554000 1479408 1
1554000 74592 2
1554000 1478631 1
1554000 75369 2
1554000 1477854 1
1554000 76146 2
1554000 1477077 1
1554000 76923 2
1554000 1476300 1
1554000 77700 2
1554000 1475523 1
1554000 78477 2
1554000 1474746 1
1554000 79254 2
1554000 1473969 1
1554000 80031 2
1554000 1473192 1
1554000 80808 2
1554000 1472415 1
1554000 81585 2
1554000 1471638 1
1554000 82362 2
1554000 1470861 1
1554000 83139 2
1554000 1470084 1
1554000 83916 2
1554000 1469307 1
1554000 84693 2
1554000 1468530 1
1554000 85470 2
1554000 1467753 1
1554000 86247 2
1554000 1466976 1
1554000 87024 2
1554000 1466199 1
1554000 87801 2
1554000 1465422 1
1554000 88578 2
1554000 1464645 1
1554000 89355 2
1554000 1463868 1
1554000 90132 2
1554000 1463091 1
1554000 90909 2
1554000 1462314 1
1554000 91686 2
1554000 1461537 1
1554000 92463 2
1554000 1460760 1
1554000 93240 2
1554000 1459983 1
1554000 94017 2
1554000 1459206 1
1554000 94794 2
1554000 1458429 1
1554000 95571 2
1554000 1457652 1
1554000 96348 2
1554000 1456875 1
1554000 97125 2
1554000 1456098 1
1554000 97902 2
1554000 1455321 1
1554000 98679 2
1554000 1454544 1
1554000 99456 2
1554000 1453767 1
1554000 100233 2
1554000 1452990 1
1554000 101010 2
1554000 1452213 1
1554000 101787 2
1554000 1451436 1
1554000 102564 2
1554000 1450659 1
1554000 103341 2
1554000 1449882 1
1554000 104118 2
1554000 1449105 1
1554000 104895 2
1554000 1448328 1
1554000 105672 2
1554000 1447551 1
1554000 106449 2
1554000 1446774 1
1554000 107226 2
1554000 1445997 1
1554000 108003 2
1554000 1445220 1
1554000 108780 2
1554000 1444443 1
1554000 109557 2
1554000 1443666 1
1554000 110334 2
1554000 1442889 1
1554000 111111 2
1554000 1442112 1
1554000 111888 2
1554000 1441335 1
1554000 112665 2
1554000 1440558 1
1554000 113442 2
1554000 1439781 1
1554000 114219 2
1554000 1439004 1
1554000 114996 2
1554000 1438227 1
1554000 115773 2
1554000 1437450 1
1554000 116550 2
1554000 1436673 1
1554000 117327 2
1554000 1435896 1
1554000 118104 2
1554000 1435119 1
1554000 118881 2
1554000 1434342 1
1554000 119658 2
1554000 1433565 1
1554000 120435 2
1554000 1432788 1
1554000 121212 2
1554000 1432011 1
1554000 121989 2
1554000 1431234 1
1554000 122766 2
1554000 1430457 1
1554000 123543 2
1554000 1429680 1
1554000 124320 2
1554000 1428903 1
1554000 125097 2
1554000 1428126 1
1554000 125874 2
1554000 1427349 1
1554000 126651 2
1554000 1426572 1
1554000 127428 2
1554000 1425795 1
1554000 128205 2
1554000 1425018 1
1554000 128982 2
1554000 1424241 1
1554000 129759 2
1554000 1423464 1
1554000 130536 2
1554000 1422687 1
1554000 131313 2
1554000 1421910 1
1554000 132090 2
1554000 1421133 1
1554000 132867 2
1554000 1420356 1
1554000 133644 2
1554000 1419579 1
1554000 134421 2
1554000 1418802 1
1554000 135198 2
1554000 1418025 1
1554000 135975 2
1554000 1417248 1
1554000 136752 2
1554000 1416471 1
1554000 137529 2
1554000 1415694 1
1554000 138306 2
1554000 1414917 1
1554000 139083 2
1554000 1414140 1
1554000 139860 2
1554000 1413363 1
1554000 140637 2
1554000 1412586 1
1554000 141414 2
1554000 1411809 1
1554000 142191 2
1554000 1411032 1
1554000 142968 2
1554000 1410255 1
1554000 143745 2
1554000 1409478 1
1554000 144522 2
1554000 1408701 1
1554000 145299 2
1554000 1407924 1
1554000 146076 2
1554000 1407147 1
1554000 146853 2
1554000 1406370 1
1554000 147630 2
1554000 1405593 1
1554000 148407 2
1554000 1404816 1
1554000 149184 2
1554000 1404039 1
1554000 149961 2
1554000 1403262 1
1554000 150738 2
1554000 1402485 1
1554000 151515 2
1554000 1401708 1
1554000 152292 2
1554000 1400931 1
1554000 153069 2
1554000 1400154 1
1554000 153846 2
1554000 1399377 1
1554000 154623 2
1554000 1398600 1
1554000 155400 2
1554000 1397823 1
1554000 156177 2
1554000 1397046 1
1554000 156954 2
1554000 1396269 1
1554000 157731 2
1554000 1395492 1
1554000 158508 2
1554000 1394715 1
1554000 159285 2
1554000 1393938 1
1554000 160062 2
1554000 1393161 1
1554000 160839 2
1554000 1392384 1
1554000 161616 2
1554000 1391607 1
1554000 162393 2
1554000 1390830 1
1554000 163170 2
1554000 1390053 1
1554000 163947 2
1554000 1389276 1
1554000 164724 2
1554000 1388499 1
1554000 165501 2
1554000 1387722 1
1554000 166278 2
1554000 1386945 1
1554000 167055 2
1554000 1386168 1
1554000 167832 2
1554000 1385391 1
1554000 168609 2
1554000 1384614 1
1554000 169386 2
1554000 1383837 1
1554000 170163 2
1554000 1383060 1
1554000 170940 2
1554000 1382283 1
1554000 171717 2
1554000 1381506 1
1554000 172494 2
1554000 1380729 1
1554000 173271 2
1554000 1379952 1
1554000 174048 2
1554000 1379175 1
1554000 174825 2
1554000 1378398 1
1554000 175602 2
1554000 1377621 1
1554000 176379 2
1554000 1376844 1
1554000 177156 2
1554000 1376067 1
1554000 177933 2
1554000 1375290 1
1554000 178710 2
1554000 1374513 1
1554000 179487 2
1554000 1373736 1
1554000 180264 2
1554000 1372959 1
1554000 181041 2
1554000 1372182 1
1554000 181818 2
1554000 1371405 1
1554000 182595 2
1554000 1370628 1
1554000 183372 2
1554000 1369851 1
1554000 184149 2
1554000 1369074 1
1554000 184926 2
1554000 1368297 1
1554000 185703 2
1554000 1367520 1
1554000 186480 2
1554000 1366743 1
1554000 187257 2
1554000 1365966 1
1554000 188034 2
1554000 1365189 1
1554000 188811 2
1554000 1364412 1
1554000 189588 2
1554000 1363635 1
1554000 190365 2
1554000 1362858 1
1554000 191142 2
1554000 1362081 1
1554000 191919 2
1554000 1361304 1
1554000 192696 2
1554000 1360527 1
1554000 193473 2
1554000 1359750 1
1554000 194250 2
1554000 1358973 1
1554000 195027 2
1554000 1358196 1
1554000 195804 2
1554000 1357419 1
1554000 196581 2
1554000 1356642 1
1554000 197358 2
1554000 1355865 1
1554000 198135 2
1554000 1355088 1
1554000 198912 2
1554000 1354311 1
1554000 199689 2
1554000 1353534 1
1554000 200466 2
1554000 1352757 1
1554000 201243 2
1554000 1351980 1
1554000 202020 2
1554000 1351203 1
1554000 202797 2
1554000 1350426 1
1554000 203574 2
1554000 1349649 1
1554000 204351 2
1554000 1348872 1
1554000 205128 2
1554000 1348095 1
1554000 205905 2
1554000 1347318 1
1554000 206682 2
1554000 1346541 1
1554000 207459 2
1554000 1345764 1
1554000 208236 2
1554000 1344987 1
1554000 209013 2
1554000 1344210 1
1554000 209790 2
1554000 1343433 1
1554000 210567 2
1554000 1342656 1
1554000 211344 2
1554000 1341879 1
1554000 212121 2
1554000 1341102 1
1554000 212898 2
1554000 1340325 1
1554000 213675 2
1554000 1339548 1
1554000 214452 2
1554000 1338771 1
1554000 215229 2
1554000 1337994 1
1554000 216006 2
1554000 1337217 1
1554000 216783 2
1554000 1336440 1
1554000 217560 2
1554000 1335663 1
1554000 218337 2
1554000 1334886 1
1554000 219114 2
1554000 1334109 1
1554000 219891 2
1554000 1333332 1
1554000 220668 2
1554000 1332555 1
1554000 221445 2
1554000 1331778 1
1554000 222222 2
1554000 1331001 1
1554000 222999 2
1554000 1330224 1
1554000 223776 2
1554000 1329447 1
1554000 224553 2
1554000 1328670 1
1554000 225330 2
1554000 1327893 1
1554000 226107 2
1554000 1327116 1
1554000 226884 2
1554000 1326339 1
1554000 227661 2
1554000 1325562 1
1554000 228438 2
1554000 1324785 1
1554000 229215 2
1554000 1324008 1
1554000 229992 2
1554000 1323231 1
1554000 230769 2
1554000 1322454 1
1554000 231546 2
1554000 1321677 1
1554000 232323 2
1554000 1320900 1
1554000 233100 2
1554000 1320123 1
1554000 233877 2
1554000 1319346 1
1554000 234654 2
1554000 1318569 1
1554000 235431 2
1554000 1317792 1
1554000 236208 2
1554000 1317015 1
1554000 236985 2
1554000 1316238 1
1554000 237762 2
1554000 1315461 1
1554000 238539 2
1554000 1314684 1
1554000 239316 2
1554000 1313907 1
1554000 240093 2
1554000 1313130 1
1554000 240870 2
1554000 1312353 1
1554000 241647 2
1554000 1311576 1
1554000 242424 2
1554000 1310799 1
1554000 243201 2
1554000 1310022 1
1554000 243978 2
1554000 1309245 1
1554000 244755 2
1554000 1308468 1
1554000 245532 2
1554000 1307691 1
1554000 246309 2
1554000 1306914 1
1554000 247086 2
1554000 1306137 1
1554000 247863 2
1554000 1305360 1
1554000 248640 2
1554000 1304583 1
1554000 249417 2
1554000 1303806 1
1554000 250194 2
1554000 1303029 1
1554000 250971 2
1554000 1302252 1
1554000 251748 2
1554000 1301475 1
1554000 252525 2
1554000 1300698 1
1554000 253302 2
1554000 1299921 1
1554000 254079 2
1554000 1299144 1
1554000 254856 2
1554000 1298367 1
1554000 255633 2
1554000 1297590 1
1554000 256410 2
1554000 1296813 1
1554000 257187 2
1554000 1296036 1
1554000 257964 2
1554000 1295259 1
1554000 258741 2
1554000 1294482 1
1554000 259518 2
1554000 1293705 1
1554000 260295 2
1554000 1292928 1
1554000 261072 2
1554000 1292151 1
1554000 261849 2
1554000 1291374 1
1554000 262626 2
1554000 1290597 1
1554000 263403 2
1554000 1289820 1
1554000 264180 2
1554000 1289043 1
1554000 264957 2
1554000 1288266 1
1554000 265734 2
1554000 1287489 1
1554000 266511 2
1554000 1286712 1
1554000 267288 2
1554000 1285935 1
1554000 268065 2
1554000 1285158 1
1554000 268842 2
1554000 1284381 1
1554000 269619 2
1554000 1283604 1
1554000 270396 2
1554000 1282827 1
1554000 271173 2
1554000 1282050 1
1554000 271950 2
1554000 1281273 1
1554000 272727 2
1554000 1280496 1
1554000 273504 2
1554000 1279719 1
1554000 274281 2
1554000 1278942 1
1554000 275058 2
1554000 1278165 1
1554000 275835 2
1554000 1277388 1
1554000 276612 2
1554000 1276611 1
1554000 277389 2
1554000 1275834 1
1554000 278166 2
1554000 1275057 1
1554000 278943 2
1554000 1274280 1
1554000 279720 2
1554000 1273503 1
1554000 280497 2
1554000 1272726 1
1554000 281274 2
1554000 1271949 1
1554000 282051 2
1554000 1271172 1
1554000 282828 2
1554000 1270395 1
1554000 283605 2
1554000 1269618 1
1554000 284382 2
1554000 1268841 1
1554000 285159 2
1554000 1268064 1
1554000 285936 2
1554000 1267287 1
1554000 286713 2
1554000 1266510 1
1554000 287490 2
1554000 1265733 1
1554000 288267 2
1554000 1264956 1
1554000 289044 2
1554000 1264179 1
1554000 289821 2
1554000 1263402 1
1554000 290598 2
1554000 1262625 1
1554000 291375 2
1554000 1261848 1
1554000 292152 2
1554000 1261071 1
1554000 292929 2
1554000 1260294 1
1554000 293706 2
1554000 1259517 1
1554000 294483 2
1554000 1258740 1
1554000 295260 2
1554000 1257963 1
1554000 296037 2
1554000 1257186 1
1554000 296814 2
1554000 1256409 1
1554000 297591 2
1554000 1255632 1
1554000 298368 2
1554000 1254855 1
1554000 299145 2
1554000 1254078 1
1554000 299922 2
1554000 1253301 1
1554000 300699 2
1554000 1252524 1
1554000 301476 2
1554000 1251747 1
1554000 302253 2
1554000 1250970 1
1554000 303030 2
1554000 1250193 1
1554000 303807 2
1554000 1249416 1
1554000 304584 2
1554000 1248639 1
1554000 305361 2
1554000 1247862 1
1554000 306138 2
1554000 1247085 1
1554000 306915 2
1554000 1246308 1
1554000 307692 2
1554000 1245531 1
1554000 308469 2
1554000 1244754 1
1554000 309246 2
1554000 1243977 1
1554000 310023 2
1554000 1243200 1
1554000 310800 2
1554000 1242423 1
1554000 311577 2
1554000 1241646 1
1554000 312354 2
1554000 1240869 1
1554000 313131 2
1554000 1240092 1
1554000 313908 2
1554000 1239315 1
1554000 314685 2
1554000 1238538 1
1554000 315462 2
1554000 1237761 1
1554000 316239 2
1554000 1236984 1
1554000 317016 2
1554000 1236207 1
1554000 317793 2
1554000 1235430 1
1554000 318570 2
1554000 1234653 1
1554000 319347 2
1554000 1233876 1
1554000 320124 2
1554000 1233099 1
1554000 320901 2
1554000 1232322 1
1554000 321678 2
1554000 1231545 1
1554000 322455 2
1554000 1230768 1
1554000 323232 2
1554000 1229991 1
1554000 324009 2
1554000 1229214 1
1554000 324786 2
1554000 1228437 1
1554000 325563 2
1554000 1227660 1
1554000 326340 2
1554000 1226883 1
1554000 327117 2
1554000 1226106 1
1554000 327894 2
1554000 1225329 1
1554000 328671 2
1554000 1224552 1
1554000 329448 2
1554000 1223775 1
1554000 330225 2
1554000 1222998 1
1554000 331002 2
1554000 1222221 1
1554000 331779 2
1554000 1221444 1
1554000 332556 2
1554000 1220667 1
1554000 333333 2
1554000 1219890 1
1554000 334110 2
1554000 1219113 1
1554000 334887 2
1554000 1218336 1
1554000 335664 2
1554000 1217559 1
1554000 336441 2
1554000 1216782 1
1554000 337218 2
1554000 1216005 1
1554000 337995 2
1554000 1215228 1
1554000 338772 2
1554000 1214451 1
1554000 339549 2
1554000 1213674 1
1554000 340326 2
1554000 1212897 1
1554000 341103 2
1554000 1212120 1
1554000 341880 2
1554000 1211343 1
1554000 342657 2
1554000 1210566 1
1554000 343434 2
1554000 1209789 1
1554000 344211 2
1554000 1209012 1
1554000 344988 2
1554000 1208235 1
1554000 345765 2
1554000 1207458 1
1554000 346542 2
1554000 1206681 1
1554000 347319 2
1554000 1205904 1
1554000 348096 2
1554000 1205127 1
1554000 348873 2
1554000 1204350 1
1554000 349650 2
1554000 1203573 1
1554000 350427 2
1554000 1202796 1
1554000 351204 2
1554000 1202019 1
1554000 351981 2
1554000 1201242 1
1554000 352758 2
1554000 1200465 1
1554000 353535 2
1554000 1199688 1
1554000 354312 2
1554000 1198911 1
1554000 355089 2
1554000 1198134 1
1554000 355866 2
1554000 1197357 1
1554000 356643 2
1554000 1196580 1
1554000 357420 2
1554000 1195803 1
1554000 358197 2
1554000 1195026 1
1554000 358974 2
1554000 1194249 1
1554000 359751 2
1554000 1193472 1
1554000 360528 2
1554000 1192695 1
1554000 361305 2
1554000 1191918 1
1554000 362082 2
1554000 1191141 1
1554000 362859 2
1554000 1190364 1
1554000 363636 2
1554000 1189587 1
1554000 364413 2
1554000 1188810 1
1554000 365190 2
1554000 1188033 1
1554000 365967 2
1554000 1187256 1
1554000 366744 2
1554000 1186479 1
1554000 367521 2
1554000 1185702 1
1554000 368298 2
1554000 1184925 1
1554000 369075 2
1554000 1184148 1
1554000 369852 2
1554000 1183371 1
1554000 370629 2
1554000 1182594 1
1554000 371406 2
1554000 1181817 1
1554000 372183 2
1554000 1181040 1
1554000 372960 2
1554000 1180263 1
1554000 373737 2
1554000 1179486 1
1554000 374514 2
1554000 1178709 1
1554000 375291 2
1554000 1177932 1
1554000 376068 2
1554000 1177155 1
1554000 376845 2
1554000 1176378 1
1554000 377622 2
1554000 1175601 1
1554000 378399 2
1554000 1174824 1
1554000 379176 2
1554000 1174047 1
1554000 379953 2
1554000 1173270 1
1554000 380730 2
1554000 1172493 1
1554000 381507 2
1554000 1171716 1
1554000 382284 2
1554000 1170939 1
1554000 383061 2
1554000 1170162 1
1554000 383838 2
1554000 1169385 1
1554000 384615 2
1554000 1168608 1
1554000 385392 2
1554000 1167831 1
1554000 386169 2
1554000 1167054 1
1554000 386946 2
1554000 1166277 1
1554000 387723 2
1554000 1165500 1
1554000 388500 2
1554000 1164723 1
1554000 389277 2
1554000 1163946 1
1554000 390054 2
1554000 1163169 1
1554000 390831 2
1554000 1162392 1
1554000 391608 2
1554000 1161615 1
1554000 392385 2
1554000 1160838 1
1554000 393162 2
1554000 1160061 1
1554000 393939 2
1554000 1159284 1
1554000 394716 2
1554000 1158507 1
1554000 395493 2
1554000 1157730 1
1554000 396270 2
1554000 1156953 1
1554000 397047 2
1554000 1156176 1
1554000 397824 2
1554000 1155399 1
1554000 398601 2
1554000 1154622 1
1554000 399378 2
1554000 1153845 1
1554000 400155 2
1554000 1153068 1
1554000 400932 2
1554000 1152291 1
1554000 401709 2
1554000 1151514 1
1554000 402486 2
1554000 1150737 1
1554000 403263 2
1554000 1149960 1
1554000 404040 2
1554000 1149183 1
1554000 404817 2
1554000 1148406 1
1554000 405594 2
1554000 1147629 1
1554000 406371 2
1554000 1146852 1
1554000 407148 2
1554000 1146075 1
1554000 407925 2
1554000 1145298 1
1554000 408702 2
1554000 1144521 1
1554000 409479 2
1554000 1143744 1
1554000 410256 2
1554000 1142967 1
1554000 411033 2
1554000 1142190 1
1554000 411810 2
1554000 1141413 1
1554000 412587 2
1554000 1140636 1
1554000 413364 2
1554000 1139859 1
1554000 414141 2
1554000 1139082 1
1554000 414918 2
1554000 1138305 1
1554000 415695 2
1554000 1137528 1
1554000 416472 2
1554000 1136751 1
1554000 417249 2
1554000 1135974 1
1554000 418026 2
1554000 1135197 1
1554000 418803 2
1554000 1134420 1
1554000 419580 2
1554000 1133643 1
1554000 420357 2
1554000 1132866 1
1554000 421134 2
1554000 1132089 1
1554000 421911 2
1554000 1131312 1
1554000 422688 2
1554000 1130535 1
1554000 423465 2
1554000 1129758 1
1554000 424242 2
1554000 1128981 1
1554000 425019 2
1554000 1128204 1
1554000 425796 2
1554000 1127427 1
1554000 426573 2
1554000 1126650 1
1554000 427350 2
1554000 1125873 1
1554000 428127 2
1554000 1125096 1
1554000 428904 2
1554000 1124319 1
1554000 429681 2
1554000 1123542 1
1554000 430458 2
1554000 1122765 1
1554000 431235 2
1554000 1121988 1
1554000 432012 2
1554000 1121211 1
1554000 432789 2
1554000 1120434 1
1554000 433566 2
1554000 1119657 1
1554000 434343 2
1554000 1118880 1
1554000 435120 2
1554000 1118103 1
1554000 435897 2
1554000 1117326 1
1554000 436674 2
1554000 1116549 1
1554000 437451 2
1554000 1115772 1
1554000 438228 2
1554000 1114995 1
1554000 439005 2
1554000 1114218 1
1554000 439782 2
1554000 1113441 1
1554000 440559 2
1554000 1112664 1
1554000 441336 2
1554000 1111887 1
1554000 442113 2
1554000 1111110 1
1554000 442890 2
1554000 1110333 1
1554000 443667 2
1554000 1109556 1
1554000 444444 2
1554000 1108779 1
1554000 445221 2
1554000 1108002 1
1554000 445998 2
1554000 1107225 1
1554000 446775 2
1554000 1106448 1
1554000 447552 2
1554000 1105671 1
1554000 448329 2
1554000 1104894 1
1554000 449106 2
1554000 1104117 1
1554000 449883 2
1554000 1103340 1
1554000 450660 2
1554000 1102563 1
1554000 451437 2
1554000 1101786 1
1554000 452214 2
1554000 1101009 1
1554000 452991 2
1554000 1100232 1
1554000 453768 2
1554000 1099455 1
1554000 454545 2
1554000 1098678 1
1554000 455322 2
1554000 1097901 1
1554000 456099 2
1554000 1097124 1
1554000 456876 2
1554000 1096347 1
1554000 457653 2
1554000 1095570 1
1554000 458430 2
1554000 1094793 1
1554000 459207 2
1554000 1094016 1
1554000 459984 2
1554000 1093239 1
1554000 460761 2
1554000 1092462 1
1554000 461538 2
1554000 1091685 1
1554000 462315 2
1554000 1090908 1
1554000 463092 2
1554000 1090131 1
1554000 463869 2
1554000 1089354 1
1554000 464646 2
1554000 1088577 1
1554000 465423 2
1554000 1087800 1
1554000 466200 2
1554000 1087023 1
1554000 466977 2
1554000 1086246 1
1554000 467754 2
1554000 1085469 1
1554000 468531 2
1554000 1084692 1
1554000 469308 2
1554000 1083915 1
1554000 470085 2
1554000 1083138 1
1554000 470862 2
1554000 1082361 1
1554000 471639 2
1554000 1081584 1
1554000 472416 2
1554000 1080807 1
1554000 473193 2
1554000 1080030 1
1554000 473970 2
1554000 1079253 1
1554000 474747 2
1554000 1078476 1
1554000 475524 2
1554000 1077699 1
1554000 476301 2
1554000 1076922 1
1554000 477078 2
1554000 1076145 1
1554000 477855 2
1554000 1075368 1
1554000 478632 2
1554000 1074591 1
1554000 479409 2
1554000 1073814 1
1554000 480186 2
1554000 1073037 1
1554000 480963 2
1554000 1072260 1
1554000 481740 2
1554000 1071483 1
1554000 482517 2
1554000 1070706 1
1554000 483294 2
1554000 1069929 1
1554000 484071 2
1554000 1069152 1
1554000 484848 2
1554000 1068375 1
1554000 485625 2
1554000 1067598 1
1554000 486402 2
1554000 1066821 1
1554000 487179 2
1554000 1066044 1
1554000 487956 2
1554000 1065267 1
1554000 488733 2
1554000 1064490 1
1554000 489510 2
1554000 1063713 1
1554000 490287 2
1554000 1062936 1
1554000 491064 2
1554000 1062159 1
1554000 491841 2
1554000 1061382 1
1554000 492618 2
1554000 1060605 1
1554000 493395 2
1554000 1059828 1
1554000 494172 2
1554000 1059051 1
1554000 494949 2
1554000 1058274 1
1554000 495726 2
1554000 1057497 1
1554000 496503 2
1554000 1056720 1
1554000 497280 2
1554000 1055943 1
1554000 498057 2
1554000 1055166 1
1554000 498834 2
1554000 1054389 1
1554000 499611 2
1554000 1053612 1
1554000 500388 2
1554000 1052835 1
1554000 501165 2
1554000 1052058 1
1554000 501942 2
1554000 1051281 1
1554000 502719 2
1554000 1050504 1
1554000 503496 2
1554000 1049727 1
1554000 504273 2
1554000 1048950 1
1554000 505050 2
1554000 1048173 1
1554000 505827 2
1554000 1047396 1
1554000 506604 2
1554000 1046619 1
1554000 507381 2
1554000 1045842 1
1554000 508158 2
1554000 1045065 1
1554000 508935 2
1554000 1044288 1
1554000 509712 2
1554000 1043511 1
1554000 510489 2
1554000 1042734 1
1554000 511266 2
1554000 1041957 1
1554000 512043 2
1554000 1041180 1
1554000 512820 2
1554000 1040403 1
1554000 513597 2
1554000 1039626 1
1554000 514374 2
1554000 1038849 1
1554000 515151 2
1554000 1038072 1
1554000 515928 2
1554000 1037295 1
1554000 516705 2
1554000 1036518 1
1554000 517482 2
1554000 1035741 1
1554000 518259 2
1554000 1034964 1
1554000 519036 2
1554000 1034187 1
1554000 519813 2
1554000 1033410 1
1554000 520590 2
1554000 1032633 1
1554000 521367 2
1554000 1031856 1
1554000 522144 2
1554000 1031079 1
1554000 522921 2
1554000 1030302 1
1554000 523698 2
1554000 1029525 1
1554000 524475 2
1554000 1028748 1
1554000 525252 2
1554000 1027971 1
1554000 526029 2
1554000 1027194 1
1554000 526806 2
1554000 1026417 1
1554000 527583 2
1554000 1025640 1
1554000 528360 2
1554000 1024863 1
1554000 529137 2
1554000 1024086 1
1554000 529914 2
1554000 1023309 1
1554000 530691 2
1554000 1022532 1
1554000 531468 2
1554000 1021755 1
1554000 532245 2
1554000 1020978 1
1554000 533022 2
1554000 1020201 1
1554000 533799 2
1554000 1019424 1
1554000 534576 2
1554000 1018647 1
1554000 535353 2
1554000 1017870 1
1554000 536130 2
1554000 1017093 1
1554000 536907 2
1554000 1016316 1
1554000 537684 2
1554000 1015539 1
1554000 538461 2
1554000 1014762 1
1554000 539238 2
1554000 1013985 1
1554000 540015 2
1554000 1013208 1
1554000 540792 2
1554000 1012431 1
1554000 541569 2
1554000 1011654 1
1554000 542346 2
1554000 1010877 1
1554000 543123 2
1554000 1010100 1
1554000 543900 2
1554000 1009323 1
1554000 544677 2
1554000 1008546 1
1554000 545454 2
1554000 1007769 1
1554000 546231 2
1554000 1006992 1
1554000 547008 2
1554000 1006215 1
1554000 547785 2
1554000 1005438 1
1554000 548562 2
1554000 1004661 1
1554000 549339 2
1554000 1003884 1
1554000 550116 2
1554000 1003107 1
1554000 550893 2
1554000 1002330 1
1554000 551670 2
1554000 1001553 1
1554000 552447 2
1554000 1000776 1
1554000 553224 2
1554000 999999 1
1554000 554001 2
1554000 999222 1
1554000 554778 2
1554000 998445 1
1554000 555555 2
1554000 997668 1
1554000 556332 2
1554000 996891 1
1554000 557109 2
1554000 996114 1
1554000 557886 2
1554000 995337 1
1554000 558663 2
1554000 994560 1
1554000 559440 2
1554000 993783 1
1554000 560217 2
1554000 993006 1
1554000 560994 2
1554000 992229 1
1554000 561771 2
1554000 991452 1
1554000 562548 2
1554000 990675 1
1554000 563325 2
1554000 989898 1
1554000 564102 2
1554000 989121 1
1554000 564879 2
1554000 988344 1
1554000 565656 2
1554000 987567 1
1554000 566433 2
1554000 986790 1
1554000 567210 2
1554000 986013 1
1554000 567987 2
1554000 985236 1
1554000 568764 2
1554000 984459 1
1554000 569541 2
1554000 983682 1
1554000 570318 2
1554000 982905 1
1554000 571095 2
1554000 982128 1
1554000 571872 2
1554000 981351 1
1554000 572649 2
1554000 980574 1
1554000 573426 2
1554000 979797 1
1554000 574203 2
1554000 979020 1
1554000 574980 2
1554000 978243 1
1554000 575757 2
1554000 977466 1
1554000 576534 2
1554000 976689 1
1554000 577311 2
1554000 975912 1
1554000 578088 2
1554000 975135 1
1554000 578865 2
1554000 974358 1
1554000 579642 2
1554000 973581 1
1554000 580419 2
1554000 972804 1
1554000 581196 2
1554000 972027 1
1554000 581973 2
1554000 971250 1
1554000 582750 2
1554000 970473 1
1554000 583527 2
1554000 969696 1
1554000 584304 2
1554000 968919 1
1554000 585081 2
1554000 968142 1
1554000 585858 2
1554000 967365 1
1554000 586635 2
1554000 966588 1
1554000 587412 2
1554000 965811 1
1554000 588189 2
1554000 965034 1
1554000 588966 2
1554000 964257 1
1554000 589743 2
1554000 963480 1
1554000 590520 2
1554000 962703 1
1554000 591297 2
1554000 961926 1
1554000 592074 2
1554000 961149 1
1554000 592851 2
1554000 960372 1
1554000 593628 2
1554000 959595 1
1554000 594405 2
1554000 958818 1
1554000 595182 2
1554000 958041 1
1554000 595959 2
1554000 957264 1
1554000 596736 2
1554000 956487 1
1554000 597513 2
1554000 955710 1
1554000 598290 2
1554000 954933 1
1554000 599067 2
1554000 954156 1
1554000 599844 2
1554000 953379 1
1554000 600621 2
1554000 952602 1
1554000 601398 2
1554000 951825 1
1554000 602175 2
1554000 951048 1
1554000 602952 2
1554000 950271 1
1554000 603729 2
1554000 949494 1
1554000 604506 2
1554000 948717 1
1554000 605283 2
1554000 947940 1
1554000 606060 2
1554000 947163 1
1554000 606837 2
1554000 946386 1
1554000 607614 2
1554000 945609 1
1554000 608391 2
1554000 944832 1
1554000 609168 2
1554000 944055 1
1554000 609945 2
1554000 943278 1
1554000 610722 2
1554000 942501 1
1554000 611499 2
1554000 941724 1
1554000 612276 2
1554000 940947 1
1554000 613053 2
1554000 940170 1
1554000 613830 2
1554000 939393 1
1554000 614607 2
1554000 938616 1
1554000 615384 2
1554000 937839 1
1554000 616161 2
1554000 937062 1
1554000 616938 2
1554000 936285 1
1554000 617715 2
1554000 935508 1
1554000 618492 2
1554000 934731 1
1554000 619269 2
1554000 933954 1
1554000 620046 2
1554000 933177 1
1554000 620823 2
1554000 932400 1
1554000 621600 2
1554000 931623 1
1554000 622377 2
1554000 930846 1
1554000 623154 2
1554000 930069 1
1554000 623931 2
1554000 929292 1
1554000 624708 2
1554000 928515 1
1554000 625485 2
1554000 927738 1
1554000 626262 2
1554000 926961 1
1554000 627039 2
1554000 926184 1
1554000 627816 2
1554000 925407 1
1554000 628593 2
1554000 924630 1
1554000 629370 2
1554000 923853 1
1554000 630147 2
1554000 923076 1
1554000 630924 2
1554000 922299 1
1554000 631701 2
1554000 921522 1
1554000 632478 2
1554000 920745 1
1554000 633255 2
1554000 919968 1
1554000 634032 2
1554000 919191 1
1554000 634809 2
1554000 918414 1
1554000 635586 2
1554000 917637 1
1554000 636363 2
1554000 916860 1
1554000 637140 2
1554000 916083 1
1554000 637917 2
1554000 915306 1
1554000 638694 2
1554000 914529 1
1554000 639471 2
1554000 913752 1
1554000 640248 2
1554000 912975 1
1554000 641025 2
1554000 912198 1
1554000 641802 2
1554000 911421 1
1554000 642579 2
1554000 910644 1
1554000 643356 2
1554000 909867 1
1554000 644133 2
1554000 909090 1
1554000 644910 2
1554000 908313 1
1554000 645687 2
1554000 907536 1
1554000 646464 2
1554000 906759 1
1554000 647241 2
1554000 905982 1
1554000 648018 2
1554000 905205 1
1554000 648795 2
1554000 904428 1
1554000 649572 2
1554000 903651 1
1554000 650349 2
1554000 902874 1
1554000 651126 2
1554000 902097 1
1554000 651903 2
1554000 901320 1
1554000 652680 2
1554000 900543 1
1554000 653457 2
1554000 899766 1
1554000 654234 2
1554000 898989 1
1554000 655011 2
1554000 898212 1
1554000 655788 2
1554000 897435 1
1554000 656565 2
1554000 896658 1
1554000 657342 2
1554000 895881 1
1554000 658119 2
1554000 895104 1
1554000 658896 2
1554000 894327 1
1554000 659673 2
1554000 893550 1
1554000 660450 2
1554000 892773 1
1554000 661227 2
1554000 891996 1
1554000 662004 2
1554000 891219 1
1554000 662781 2
1554000 890442 1
1554000 663558 2
1554000 889665 1
1554000 664335 2
1554000 888888 1
1554000 665112 2
1554000 888111 1
1554000 665889 2
1554000 887334 1
1554000 666666 2
1554000 886557 1
1554000 667443 2
1554000 885780 1
1554000 668220 2
1554000 885003 1
1554000 668997 2
1554000 884226 1
1554000 669774 2
1554000 883449 1
1554000 670551 2
1554000 882672 1
1554000 671328 2
1554000 881895 1
1554000 672105 2
1554000 881118 1
1554000 672882 2
1554000 880341 1
1554000 673659 2
1554000 879564 1
1554000 674436 2
1554000 878787 1
1554000 675213 2
1554000 878010 1
1554000 675990 2
1554000 877233 1
1554000 676767 2
1554000 876456 1
1554000 677544 2
1554000 875679 1
1554000 678321 2
1554000 874902 1
1554000 679098 2
1554000 874125 1
1554000 679875 2
1554000 873348 1
1554000 680652 2
1554000 872571 1
1554000 681429 2
1554000 871794 1
1554000 682206 2
1554000 871017 1
1554000 682983 2
1554000 870240 1
1554000 683760 2
1554000 869463 1
1554000 684537 2
1554000 868686 1
1554000 685314 2
1554000 867909 1
1554000 686091 2
1554000 867132 1
1554000 686868 2
1554000 866355 1
1554000 687645 2
1554000 865578 1
1554000 688422 2
1554000 864801 1
1554000 689199 2
1554000 864024 1
1554000 689976 2
1554000 863247 1
1554000 690753 2
1554000 862470 1
1554000 691530 2
1554000 861693 1
1554000 692307 2
1554000 860916 1
1554000 693084 2
1554000 860139 1
1554000 693861 2
1554000 859362 1
1554000 694638 2
1554000 858585 1
1554000 695415 2
1554000 857808 1
1554000 696192 2
1554000 857031 1
1554000 696969 2
1554000 856254 1
1554000 697746 2
1554000 855477 1
1554000 698523 2
1554000 854700 1
1554000 699300 2
1554000 853923 1
1554000 700077 2
1554000 853146 1
1554000 700854 2
1554000 852369 1
1554000 701631 2
1554000 851592 1
1554000 702408 2
1554000 850815 1
1554000 703185 2
1554000 850038 1
1554000 703962 2
1554000 849261 1
1554000 704739 2
1554000 848484 1
1554000 705516 2
1554000 847707 1
1554000 706293 2
1554000 846930 1
1554000 707070 2
1554000 846153 1
1554000 707847 2
1554000 845376 1
1554000 708624 2
1554000 844599 1
1554000 709401 2
1554000 843822 1
1554000 710178 2
1554000 843045 1
1554000 710955 2
1554000 842268 1
1554000 711732 2
1554000 841491 1
1554000 712509 2
1554000 840714 1
1554000 713286 2
1554000 839937 1
1554000 714063 2
1554000 839160 1
1554000 714840 2
1554000 838383 1
1554000 715617 2
1554000 837606 1
1554000 716394 2
1554000 836829 1
1554000 717171 2
1554000 836052 1
1554000 717948 2
1554000 835275 1
1554000 718725 2
1554000 834498 1
1554000 719502 2
1554000 833721 1
1554000 720279 2
1554000 832944 1
1554000 721056 2
1554000 832167 1
1554000 721833 2
1554000 831390 1
1554000 722610 2
1554000 830613 1
1554000 723387 2
1554000 829836 1
1554000 724164 2
1554000 829059 1
1554000 724941 2
1554000 828282 1
1554000 725718 2
1554000 827505 1
1554000 726495 2
1554000 826728 1
1554000 727272 2
1554000 825951 1
1554000 728049 2
1554000 825174 1
1554000 728826 2
1554000 824397 1
1554000 729603 2
1554000 823620 1
1554000 730380 2
1554000 822843 1
1554000 731157 2
1554000 822066 1
1554000 731934 2
1554000 821289 1
1554000 732711 2
1554000 820512 1
1554000 733488 2
1554000 819735 1
1554000 734265 2
1554000 818958 1
1554000 735042 2
1554000 818181 1
1554000 735819 2
1554000 817404 1
1554000 736596 2
1554000 816627 1
1554000 737373 2
1554000 815850 1
1554000 738150 2
1554000 815073 1
1554000 738927 2
1554000 814296 1
1554000 739704 2
1554000 813519 1
1554000 740481 2
1554000 812742 1
1554000 741258 2
1554000 811965 1
1554000 742035 2
1554000 811188 1
1554000 742812 2
1554000 810411 1
1554000 743589 2
1554000 809634 1
1554000 744366 2
1554000 808857 1
1554000 745143 2
1554000 808080 1
1554000 745920 2
1554000 807303 1
1554000 746697 2
1554000 806526 1
1554000 747474 2
1554000 805749 1
1554000 748251 2
1554000 804972 1
1554000 749028 2
1554000 804195 1
1554000 749805 2
1554000 803418 1
1554000 750582 2
1554000 802641 1
1554000 751359 2
1554000 801864 1
1554000 752136 2
1554000 801087 1
1554000 752913 2
1554000 800310 1
1554000 753690 2
1554000 799533 1
1554000 754467 2
1554000 798756 1
1554000 755244 2
1554000 797979 1
1554000 756021 2
1554000 797202 1
1554000 756798 2
1554000 796425 1
1554000 757575 2
1554000 795648 1
1554000 758352 2
1554000 794871 1
1554000 759129 2
1554000 794094 1
1554000 759906 2
1554000 793317 1
1554000 760683 2
1554000 792540 1
1554000 761460 2
1554000 791763 1
1554000 762237 2
1554000 790986 1
1554000 763014 2
1554000 790209 1
1554000 763791 2
1554000 789432 1
1554000 764568 2
1554000 788655 1
1554000 765345 2
1554000 787878 1
1554000 766122 2
1554000 787101 1
1554000 766899 2
1554000 786324 1
1554000 767676 2
1554000 785547 1
1554000 768453 2
1554000 784770 1
1554000 769230 2
1554000 783993 1
1554000 770007 2
1554000 783216 1
1554000 770784 2
1554000 782439 1
1554000 771561 2
1554000 781662 1
1554000 772338 2
1554000 780885 1
1554000 773115 2
1554000 780108 1
1554000 773892 2
1554000 779331 1
1554000 774669 2
1554000 778554 1
1554000 775446 2
1554000 777777 1
1554000 776223 2
1554000 777000 1
1554000 777000 2
1554000 776223 1
1554000 777777 2
1554000 775446 1
1554000 778554 2
1554000 774669 1
1554000 779331 2
1554000 773892 1
1554000 780108 2
1554000 773115 1
1554000 780885 2
1554000 772338 1
1554000 781662 2
1554000 771561 1
1554000 782439 2
1554000 770784 1
1554000 783216 2
1554000 770007 1
1554000 783993 2
1554000 769230 1
1554000 784770 2
1554000 768453 1
1554000 785547 2
1554000 767676 1
1554000 786324 2
1554000 766899 1
1554000 787101 2
1554000 766122 1
1554000 787878 2
1554000 765345 1
1554000 788655 2
1554000 764568 1
1554000 789432 2
1554000 763791 1
1554000 790209 2
1554000 763014 1
1554000 790986 2
1554000 762237 1
1554000 791763 2
1554000 761460 1
1554000 792540 2
1554000 760683 1
1554000 793317 2
1554000 759906 1
1554000 794094 2
1554000 759129 1
1554000 794871 2
1554000 758352 1
1554000 795648 2
1554000 757575 1
1554000 796425 2
1554000 756798 1
1554000 797202 2
1554000 756021 1
1554000 797979 2
1554000 755244 1
1554000 798756 2
1554000 754467 1
1554000 799533 2
1554000 753690 1
1554000 800310 2
1554000 752913 1
1554000 801087 2
1554000 752136 1
1554000 801864 2
1554000 751359 1
1554000 802641 2
1554000 750582 1
1554000 803418 2
1554000 749805 1
1554000 804195 2
1554000 749028 1
1554000 804972 2
1554000 748251 1
1554000 805749 2
1554000 747474 1
1554000 806526 2
1554000 746697 1
1554000 807303 2
1554000 745920 1
1554000 808080 2
1554000 745143 1
1554000 808857 2
1554000 744366 1
1554000 809634 2
1554000 743589 1
1554000 810411 2
1554000 742812 1
1554000 811188 2
1554000 742035 1
1554000 811965 2
1554000 741258 1
1554000 812742 2
1554000 740481 1
1554000 813519 2
1554000 739704 1
1554000 814296 2
1554000 738927 1
1554000 815073 2
1554000 738150 1
1554000 815850 2
1554000 737373 1
1554000 816627 2
1554000 736596 1
1554000 817404 2
1554000 735819 1
1554000 818181 2
1554000 735042 1
1554000 818958 2
1554000 734265 1
1554000 819735 2
1554000 733488 1
1554000 820512 2
1554000 732711 1
1554000 821289 2
1554000 731934 1
1554000 822066 2
1554000 731157 1
1554000 822843 2
1554000 730380 1
1554000 823620 2
1554000 729603 1
1554000 824397 2
1554000 728826 1
1554000 825174 2
1554000 728049 1
1554000 825951 2
1554000 727272 1
1554000 826728 2
1554000 726495 1
1554000 827505 2
1554000 725718 1
1554000 828282 2
1554000 724941 1
1554000 829059 2
1554000 724164 1
1554000 829836 2
1554000 723387 1
1554000 830613 2
1554000 722610 1
1554000 831390 2
1554000 721833 1
1554000 832167 2
1554000 721056 1
1554000 832944 2
1554000 720279 1
1554000 833721 2
1554000 719502 1
1554000 834498 2
1554000 718725 1
1554000 835275 2
1554000 717948 1
1554000 836052 2
1554000 717171 1
1554000 836829 2
1554000 716394 1
1554000 837606 2
1554000 715617 1
1554000 838383 2
1554000 714840 1
1554000 839160 2
1554000 714063 1
1554000 839937 2
1554000 713286 1
1554000 840714 2
1554000 712509 1
1554000 841491 2
1554000 711732 1
1554000 842268 2
1554000 710955 1
1554000 843045 2
1554000 710178 1
1554000 843822 2
1554000 709401 1
1554000 844599 2
1554000 708624 1
1554000 845376 2
1554000 707847 1
1554000 846153 2
1554000 707070 1
1554000 846930 2
1554000 706293 1
1554000 847707 2
1554000 705516 1
1554000 848484 2
1554000 704739 1
1554000 849261 2
1554000 703962 1
1554000 850038 2
1554000 703185 1
1554000 850815 2
1554000 702408 1
1554000 851592 2
1554000 701631 1
1554000 852369 2
1554000 700854 1
1554000 853146 2
1554000 700077 1
1554000 853923 2
1554000 699300 1
1554000 854700 2
1554000 698523 1
1554000 855477 2
1554000 697746 1
1554000 856254 2
1554000 696969 1
1554000 857031 2
1554000 696192 1
1554000 857808 2
1554000 695415 1
1554000 858585 2
1554000 694638 1
1554000 859362 2
1554000 693861 1
1554000 860139 2
1554000 693084 1
1554000 860916 2
1554000 692307 1
1554000 861693 2
1554000 691530 1
1554000 862470 2
1554000 690753 1
1554000 863247 2
1554000 689976 1
1554000 864024 2
1554000 689199 1
1554000 864801 2
1554000 688422 1
1554000 865578 2
1554000 687645 1
1554000 866355 2
1554000 686868 1
1554000 867132 2
1554000 686091 1
1554000 867909 2
1554000 685314 1
1554000 868686 2
1554000 684537 1
1554000 869463 2
1554000 683760 1
1554000 870240 2
1554000 682983 1
1554000 871017 2
1554000 682206 1
1554000 871794 2
1554000 681429 1
1554000 872571 2
1554000 680652 1
1554000 873348 2
1554000 679875 1
1554000 874125 2
1554000 679098 1
1554000 874902 2
1554000 678321 1
1554000 875679 2
1554000 677544 1
1554000 876456 2
1554000 676767 1
1554000 877233 2
1554000 675990 1
1554000 878010 2
1554000 675213 1
1554000 878787 2
1554000 674436 1
1554000 879564 2
1554000 673659 1
1554000 880341 2
1554000 672882 1
1554000 881118 2
1554000 672105 1
1554000 881895 2
1554000 671328 1
1554000 882672 2
1554000 670551 1
1554000 883449 2
1554000 669774 1
1554000 884226 2
1554000 668997 1
1554000 885003 2
1554000 668220 1
1554000 885780 2
1554000 667443 1
1554000 886557 2
1554000 666666 1
1554000 887334 2
1554000 665889 1
1554000 888111 2
1554000 665112 1
1554000 888888 2
1554000 664335 1
1554000 889665 2
1554000 663558 1
1554000 890442 2
1554000 662781 1
1554000 891219 2
1554000 662004 1
1554000 891996 2
1554000 661227 1
1554000 892773 2
1554000 660450 1
1554000 893550 2
1554000 659673 1
1554000 894327 2
1554000 658896 1
1554000 895104 2
1554000 658119 1
1554000 895881 2
1554000 657342 1
1554000 896658 2
1554000 656565 1
1554000 897435 2
1554000 655788 1
1554000 898212 2
1554000 655011 1
1554000 898989 2
1554000 654234 1
1554000 899766 2
1554000 653457 1
1554000 900543 2
1554000 652680 1
1554000 901320 2
1554000 651903 1
1554000 902097 2
1554000 651126 1
1554000 902874 2
1554000 650349 1
1554000 903651 2
1554000 649572 1
1554000 904428 2
1554000 648795 1
1554000 905205 2
1554000 648018 1
1554000 905982 2
1554000 647241 1
1554000 906759 2
1554000 646464 1
1554000 907536 2
1554000 645687 1
1554000 908313 2
1554000 644910 1
1554000 909090 2
1554000 644133 1
1554000 909867 2
1554000 643356 1
1554000 910644 2
1554000 642579 1
1554000 911421 2
1554000 641802 1
1554000 912198 2
1554000 641025 1
1554000 912975 2
1554000 640248 1
1554000 913752 2
1554000 639471 1
1554000 914529 2
1554000 638694 1
1554000 915306 2
1554000 637917 1
1554000 916083 2
1554000 637140 1
1554000 916860 2
1554000 636363 1
1554000 917637 2
1554000 635586 1
1554000 918414 2
1554000 634809 1
1554000 919191 2
1554000 634032 1
1554000 919968 2
1554000 633255 1
1554000 920745 2
1554000 632478 1
1554000 921522 2
1554000 631701 1
1554000 922299 2
1554000 630924 1
1554000 923076 2
1554000 630147 1
1554000 923853 2
1554000 629370 1
1554000 924630 2
1554000 628593 1
1554000 925407 2
1554000 627816 1
1554000 926184 2
1554000 627039 1
1554000 926961 2
1554000 626262 1
1554000 927738 2
1554000 625485 1
1554000 928515 2
1554000 624708 1
1554000 929292 2
1554000 623931 1
1554000 930069 2
1554000 623154 1
1554000 930846 2
1554000 622377 1
1554000 931623 2
1554000 621600 1
1554000 932400 2
1554000 620823 1
1554000 933177 2
1554000 620046 1
1554000 933954 2
1554000 619269 1
1554000 934731 2
1554000 618492 1
1554000 935508 2
1554000 617715 1
1554000 936285 2
1554000 616938 1
1554000 937062 2
1554000 616161 1
1554000 937839 2
1554000 615384 1
1554000 938616 2
1554000 614607 1
1554000 939393 2
1554000 613830 1
1554000 940170 2
1554000 613053 1
1554000 940947 2
1554000 612276 1
1554000 941724 2
1554000 611499 1
1554000 942501 2
1554000 610722 1
1554000 943278 2
1554000 609945 1
1554000 944055 2
1554000 609168 1
1554000 944832 2
1554000 608391 1
1554000 945609 2
1554000 607614 1
1554000 946386 2
1554000 606837 1
1554000 947163 2
1554000 606060 1
1554000 947940 2
1554000 605283 1
1554000 948717 2
1554000 604506 1
1554000 949494 2
1554000 603729 1
1554000 950271 2
1554000 602952 1
1554000 951048 2
1554000 602175 1
1554000 951825 2
1554000 601398 1
1554000 952602 2
1554000 600621 1
1554000 953379 2
1554000 599844 1
1554000 954156 2
1554000 599067 1
1554000 954933 2
1554000 598290 1
1554000 955710 2
1554000 597513 1
1554000 956487 2
1554000 596736 1
1554000 957264 2
1554000 595959 1
1554000 958041 2
1554000 595182 1
1554000 958818 2
1554000 594405 1
1554000 959595 2
1554000 593628 1
1554000 960372 2
1554000 592851 1
1554000 961149 2
1554000 592074 1
1554000 961926 2
1554000 591297 1
1554000 962703 2
1554000 590520 1
1554000 963480 2
1554000 589743 1
1554000 964257 2
1554000 588966 1
1554000 965034 2
1554000 588189 1
1554000 965811 2
1554000 587412 1
1554000 966588 2
1554000 586635 1
1554000 967365 2
1554000 585858 1
1554000 968142 2
1554000 585081 1
1554000 968919 2
1554000 584304 1
1554000 969696 2
1554000 583527 1
1554000 970473 2
1554000 582750 1
1554000 971250 2
1554000 581973 1
1554000 972027 2
1554000 581196 1
1554000 972804 2
1554000 580419 1
1554000 973581 2
1554000 579642 1
1554000 974358 2
1554000 578865 1
1554000 975135 2
1554000 578088 1
1554000 975912 2
1554000 577311 1
1554000 976689 2
1554000 576534 1
1554000 977466 2
1554000 575757 1
1554000 978243 2
1554000 574980 1
1554000 979020 2
1554000 574203 1
1554000 979797 2
1554000 573426 1
1554000 980574 2
1554000 572649 1
1554000 981351 2
1554000 571872 1
1554000 982128 2
1554000 571095 1
1554000 982905 2
1554000 570318 1
1554000 983682 2
1554000 569541 1
1554000 984459 2
1554000 568764 1
1554000 985236 2
1554000 567987 1
1554000 986013 2
1554000 567210 1
1554000 986790 2
1554000 566433 1
1554000 987567 2
1554000 565656 1
1554000 988344 2
1554000 564879 1
1554000 989121 2
1554000 564102 1
1554000 989898 2
1554000 563325 1
1554000 990675 2
1554000 562548 1
1554000 991452 2
1554000 561771 1
1554000 992229 2
1554000 560994 1
1554000 993006 2
1554000 560217 1
1554000 993783 2
1554000 559440 1
1554000 994560 2
1554000 558663 1
1554000 995337 2
1554000 557886 1
1554000 996114 2
1554000 557109 1
1554000 996891 2
1554000 556332 1
1554000 997668 2
1554000 555555 1
1554000 998445 2
1554000 554778 1
1554000 999222 2
1554000 554001 1
1554000 999999 2
1554000 553224 1
1554000 1000776 2
1554000 552447 1
1554000 1001553 2
1554000 551670 1
1554000 1002330 2
1554000 550893 1
1554000 1003107 2
1554000 550116 1
1554000 1003884 2
1554000 549339 1
1554000 1004661 2
1554000 548562 1
1554000 1005438 2
1554000 547785 1
1554000 1006215 2
1554000 547008 1
1554000 1006992 2
1554000 546231 1
1554000 1007769 2
1554000 545454 1
1554000 1008546 2
1554000 544677 1
1554000 1009323 2
1554000 543900 1
1554000 1010100 2
1554000 543123 1
1554000 1010877 2
1554000 542346 1
1554000 1011654 2
1554000 541569 1
1554000 1012431 2
1554000 540792 1
1554000 1013208 2
1554000 540015 1
1554000 1013985 2
1554000 539238 1
1554000 1014762 2
1554000 538461 1
1554000 1015539 2
1554000 537684 1
1554000 1016316 2
1554000 536907 1
1554000 1017093 2
1554000 536130 1
1554000 1017870 2
1554000 535353 1
1554000 1018647 2
1554000 534576 1
1554000 1019424 2
1554000 533799 1
1554000 1020201 2
1554000 533022 1
1554000 1020978 2
1554000 532245 1
1554000 1021755 2
1554000 531468 1
1554000 1022532 2
1554000 530691 1
1554000 1023309 2
1554000 529914 1
1554000 1024086 2
1554000 529137 1
1554000 1024863 2
1554000 528360 1
1554000 1025640 2
1554000 527583 1
1554000 1026417 2
1554000 526806 1
1554000 1027194 2
1554000 526029 1
1554000 1027971 2
1554000 525252 1
1554000 1028748 2
1554000 524475 1
1554000 1029525 2
1554000 523698 1
1554000 1030302 2
1554000 522921 1
1554000 1031079 2
1554000 522144 1
1554000 1031856 2
1554000 521367 1
1554000 1032633 2
1554000 520590 1
1554000 1033410 2
1554000 519813 1
1554000 1034187 2
1554000 519036 1
1554000 1034964 2
1554000 518259 1
1554000 1035741 2
1554000 517482 1
1554000 1036518 2
1554000 516705 1
1554000 1037295 2
1554000 515928 1
1554000 1038072 2
1554000 515151 1
1554000 1038849 2
1554000 514374 1
1554000 1039626 2
1554000 513597 1
1554000 1040403 2
1554000 512820 1
1554000 1041180 2
1554000 512043 1
1554000 1041957 2
1554000 511266 1
1554000 1042734 2
1554000 510489 1
1554000 1043511 2
1554000 509712 1
1554000 1044288 2
1554000 508935 1
1554000 1045065 2
1554000 508158 1
1554000 1045842 2
1554000 507381 1
1554000 1046619 2
1554000 506604 1
1554000 1047396 2
1554000 505827 1
1554000 1048173 2
1554000 505050 1
1554000 1048950 2
1554000 504273 1
1554000 1049727 2
1554000 503496 1
1554000 1050504 2
1554000 502719 1
1554000 1051281 2
1554000 501942 1
1554000 1052058 2
1554000 501165 1
1554000 1052835 2
1554000 500388 1
1554000 1053612 2
1554000 499611 1
1554000 1054389 2
1554000 498834 1
1554000 1055166 2
1554000 498057 1
1554000 1055943 2
1554000 497280 1
1554000 1056720 2
1554000 496503 1
1554000 1057497 2
1554000 495726 1
1554000 1058274 2
1554000 494949 1
1554000 1059051 2
1554000 494172 1
1554000 1059828 2
1554000 493395 1
1554000 1060605 2
1554000 492618 1
1554000 1061382 2
1554000 491841 1
1554000 1062159 2
1554000 491064 1
1554000 1062936 2
1554000 490287 1
1554000 1063713 2
1554000 489510 1
1554000 1064490 2
1554000 488733 1
1554000 1065267 2
1554000 487956 1
1554000 1066044 2
1554000 487179 1
1554000 1066821 2
1554000 486402 1
1554000 1067598 2
1554000 485625 1
1554000 1068375 2
1554000 484848 1
1554000 1069152 2
1554000 484071 1
1554000 1069929 2
1554000 483294 1
1554000 1070706 2
1554000 482517 1
1554000 1071483 2
1554000 481740 1
1554000 1072260 2
1554000 480963 1
1554000 1073037 2
1554000 480186 1
1554000 1073814 2
1554000 479409 1
1554000 1074591 2
1554000 478632 1
1554000 1075368 2
1554000 477855 1
1554000 1076145 2
1554000 477078 1
1554000 1076922 2
1554000 476301 1
1554000 1077699 2
1554000 475524 1
1554000 1078476 2
1554000 474747 1
1554000 1079253 2
1554000 473970 1
1554000 1080030 2
1554000 473193 1
1554000 1080807 2
1554000 472416 1
1554000 1081584 2
1554000 471639 1
1554000 1082361 2
1554000 470862 1
1554000 1083138 2
1554000 470085 1
1554000 1083915 2
1554000 469308 1
1554000 1084692 2
1554000 468531 1
1554000 1085469 2
1554000 467754 1
1554000 1086246 2
1554000 466977 1
1554000 1087023 2
1554000 466200 1
1554000 1087800 2
1554000 465423 1
1554000 1088577 2
1554000 464646 1
1554000 1089354 2
1554000 463869 1
1554000 1090131 2
1554000 463092 1
1554000 1090908 2
1554000 462315 1
1554000 1091685 2
1554000 461538 1
1554000 1092462 2
1554000 460761 1
1554000 1093239 2
1554000 459984 1
1554000 1094016 2
1554000 459207 1
1554000 1094793 2
1554000 458430 1
1554000 1095570 2
1554000 457653 1
1554000 1096347 2
1554000 456876 1
1554000 1097124 2
1554000 456099 1
1554000 1097901 2
1554000 455322 1
1554000 1098678 2
1554000 454545 1
1554000 1099455 2
1554000 453768 1
1554000 1100232 2
1554000 452991 1
1554000 1101009 2
1554000 452214 1
1554000 1101786 2
1554000 451437 1
1554000 1102563 2
1554000 450660 1
1554000 1103340 2
1554000 449883 1
1554000 1104117 2
1554000 449106 1
1554000 1104894 2
1554000 448329 1
1554000 1105671 2
1554000 447552 1
1554000 1106448 2
1554000 446775 1
1554000 1107225 2
1554000 445998 1
1554000 1108002 2
1554000 445221 1
1554000 1108779 2
1554000 444444 1
1554000 1109556 2
1554000 443667 1
1554000 1110333 2
1554000 442890 1
1554000 1111110 2
1554000 442113 1
1554000 1111887 2
1554000 441336 1
1554000 1112664 2
1554000 440559 1
1554000 1113441 2
1554000 439782 1
1554000 1114218 2
1554000 439005 1
1554000 1114995 2
1554000 438228 1
1554000 1115772 2
1554000 437451 1
1554000 1116549 2
1554000 436674 1
1554000 1117326 2
1554000 435897 1
1554000 1118103 2
1554000 435120 1
1554000 1118880 2
1554000 434343 1
1554000 1119657 2
1554000 433566 1
1554000 1120434 2
1554000 432789 1
1554000 1121211 2
1554000 432012 1
1554000 1121988 2
1554000 431235 1
1554000 1122765 2
1554000 430458 1
1554000 1123542 2
1554000 429681 1
1554000 1124319 2
1554000 428904 1
1554000 1125096 2
1554000 428127 1
1554000 1125873 2
1554000 427350 1
1554000 1126650 2
1554000 426573 1
1554000 1127427 2
1554000 425796 1
1554000 1128204 2
1554000 425019 1
1554000 1128981 2
1554000 424242 1
1554000 1129758 2
1554000 423465 1
1554000 1130535 2
1554000 422688 1
1554000 1131312 2
1554000 421911 1
1554000 1132089 2
1554000 421134 1
1554000 1132866 2
1554000 420357 1
1554000 1133643 2
1554000 419580 1
1554000 1134420 2
1554000 418803 1
1554000 1135197 2
1554000 418026 1
1554000 1135974 2
1554000 417249 1
1554000 1136751 2
1554000 416472 1
1554000 1137528 2
1554000 415695 1
1554000 1138305 2
1554000 414918 1
1554000 1139082 2
1554000 414141 1
1554000 1139859 2
1554000 413364 1
1554000 1140636 2
1554000 412587 1
1554000 1141413 2
1554000 411810 1
1554000 1142190 2
1554000 411033 1
1554000 1142967 2
1554000 410256 1
1554000 1143744 2
1554000 409479 1
1554000 1144521 2
1554000 408702 1
1554000 1145298 2
1554000 407925 1
1554000 1146075 2
1554000 407148 1
1554000 1146852 2
1554000 406371 1
1554000 1147629 2
1554000 405594 1
1554000 1148406 2
1554000 404817 1
1554000 1149183 2
1554000 404040 1
1554000 1149960 2
1554000 403263 1
1554000 1150737 2
1554000 402486 1
1554000 1151514 2
1554000 401709 1
1554000 1152291 2
1554000 400932 1
1554000 1153068 2
1554000 400155 1
1554000 1153845 2
1554000 399378 1
1554000 1154622 2
1554000 398601 1
1554000 1155399 2
1554000 397824 1
1554000 1156176 2
1554000 397047 1
1554000 1156953 2
1554000 396270 1
1554000 1157730 2
1554000 395493 1
1554000 1158507 2
1554000 394716 1
1554000 1159284 2
1554000 393939 1
1554000 1160061 2
1554000 393162 1
1554000 1160838 2
1554000 392385 1
1554000 1161615 2
1554000 391608 1
1554000 1162392 2
1554000 390831 1
1554000 1163169 2
1554000 390054 1
1554000 1163946 2
1554000 389277 1
1554000 1164723 2
1554000 388500 1
1554000 1165500 2
1554000 387723 1
1554000 1166277 2
1554000 386946 1
1554000 1167054 2
1554000 386169 1
1554000 1167831 2
1554000 385392 1
1554000 1168608 2
1554000 384615 1
1554000 1169385 2
1554000 383838 1
1554000 1170162 2
1554000 383061 1
1554000 1170939 2
1554000 382284 1
1554000 1171716 2
1554000 381507 1
1554000 1172493 2
1554000 380730 1
1554000 1173270 2
1554000 379953 1
1554000 1174047 2
1554000 379176 1
1554000 1174824 2
1554000 378399 1
1554000 1175601 2
1554000 377622 1
1554000 1176378 2
1554000 376845 1
1554000 1177155 2
1554000 376068 1
1554000 1177932 2
1554000 375291 1
1554000 1178709 2
1554000 374514 1
1554000 1179486 2
1554000 373737 1
1554000 1180263 2
1554000 372960 1
1554000 1181040 2
1554000 372183 1
1554000 1181817 2
1554000 371406 1
1554000 1182594 2
1554000 370629 1
1554000 1183371 2
1554000 369852 1
1554000 1184148 2
1554000 369075 1
1554000 1184925 2
1554000 368298 1
1554000 1185702 2
1554000 367521 1
1554000 1186479 2
1554000 366744 1
1554000 1187256 2
1554000 365967 1
1554000 1188033 2
1554000 365190 1
1554000 1188810 2
1554000 364413 1
1554000 1189587 2
1554000 363636 1
1554000 1190364 2
1554000 362859 1
1554000 1191141 2
1554000 362082 1
1554000 1191918 2
1554000 361305 1
1554000 1192695 2
1554000 360528 1
1554000 1193472 2
1554000 359751 1
1554000 1194249 2
1554000 358974 1
1554000 1195026 2
1554000 358197 1
1554000 1195803 2
1554000 357420 1
1554000 1196580 2
1554000 356643 1
1554000 1197357 2
1554000 355866 1
1554000 1198134 2
1554000 355089 1
1554000 1198911 2
1554000 354312 1
1554000 1199688 2
1554000 353535 1
1554000 1200465 2
1554000 352758 1
1554000 1201242 2
1554000 351981 1
1554000 1202019 2
1554000 351204 1
1554000 1202796 2
1554000 350427 1
1554000 1203573 2
1554000 349650 1
1554000 1204350 2
1554000 348873 1
1554000 1205127 2
1554000 348096 1
1554000 1205904 2
1554000 347319 1
1554000 1206681 2
1554000 346542 1
1554000 1207458 2
1554000 345765 1
1554000 1208235 2
1554000 344988 1
1554000 1209012 2
1554000 344211 1
1554000 1209789 2
1554000 343434 1
1554000 1210566 2
1554000 342657 1
1554000 1211343 2
1554000 341880 1
1554000 1212120 2
1554000 341103 1
1554000 1212897 2
1554000 340326 1
1554000 1213674 2
1554000 339549 1
1554000 1214451 2
1554000 338772 1
1554000 1215228 2
1554000 337995 1
1554000 1216005 2
1554000 337218 1
1554000 1216782 2
1554000 336441 1
1554000 1217559 2
1554000 335664 1
1554000 1218336 2
1554000 334887 1
1554000 1219113 2
1554000 334110 1
1554000 1219890 2
1554000 333333 1
1554000 1220667 2
1554000 332556 1
1554000 1221444 2
1554000 331779 1
1554000 1222221 2
1554000 331002 1
1554000 1222998 2
1554000 330225 1
1554000 1223775 2
1554000 329448 1
1554000 1224552 2
1554000 328671 1
1554000 1225329 2
1554000 327894 1
1554000 1226106 2
1554000 327117 1
1554000 1226883 2
1554000 326340 1
1554000 1227660 2
1554000 325563 1
1554000 1228437 2
1554000 324786 1
1554000 1229214 2
1554000 324009 1
1554000 1229991 2
1554000 323232 1
1554000 1230768 2
1554000 322455 1
1554000 1231545 2
1554000 321678 1
1554000 1232322 2
1554000 320901 1
1554000 1233099 2
1554000 320124 1
1554000 1233876 2
1554000 319347 1
1554000 1234653 2
1554000 318570 1
1554000 1235430 2
1554000 317793 1
1554000 1236207 2
1554000 317016 1
1554000 1236984 2
1554000 316239 1
1554000 1237761 2
1554000 315462 1
1554000 1238538 2
1554000 314685 1
1554000 1239315 2
1554000 313908 1
1554000 1240092 2
1554000 313131 1
1554000 1240869 2
1554000 312354 1
1554000 1241646 2
1554000 311577 1
1554000 1242423 2
1554000 310800 1
1554000 1243200 2
1554000 310023 1
1554000 1243977 2
1554000 309246 1
1554000 1244754 2
1554000 308469 1
1554000 1245531 2
1554000 307692 1
1554000 1246308 2
1554000 306915 1
1554000 1247085 2
1554000 306138 1
1554000 1247862 2
1554000 305361 1
1554000 1248639 2
1554000 304584 1
1554000 1249416 2
1554000 303807 1
1554000 1250193 2
1554000 303030 1
1554000 1250970 2
1554000 302253 1
1554000 1251747 2
1554000 301476 1
1554000 1252524 2
1554000 300699 1
1554000 1253301 2
1554000 299922 1
1554000 1254078 2
1554000 299145 1
1554000 1254855 2
1554000 298368 1
1554000 1255632 2
1554000 297591 1
1554000 1256409 2
1554000 296814 1
1554000 1257186 2
1554000 296037 1
1554000 1257963 2
1554000 295260 1
1554000 1258740 2
1554000 294483 1
1554000 1259517 2
1554000 293706 1
1554000 1260294 2
1554000 292929 1
1554000 1261071 2
1554000 292152 1
1554000 1261848 2
1554000 291375 1
1554000 1262625 2
1554000 290598 1
1554000 1263402 2
1554000 289821 1
1554000 1264179 2
1554000 289044 1
1554000 1264956 2
1554000 288267 1
1554000 1265733 2
1554000 287490 1
1554000 1266510 2
1554000 286713 1
1554000 1267287 2
1554000 285936 1
1554000 1268064 2
1554000 285159 1
1554000 1268841 2
1554000 284382 1
1554000 1269618 2
1554000 283605 1
1554000 1270395 2
1554000 282828 1
1554000 1271172 2
1554000 282051 1
1554000 1271949 2
1554000 281274 1
1554000 1272726 2
1554000 280497 1
1554000 1273503 2
1554000 279720 1
1554000 1274280 2
1554000 278943 1
1554000 1275057 2
1554000 278166 1
1554000 1275834 2
1554000 277389 1
1554000 1276611 2
1554000 276612 1
1554000 1277388 2
1554000 275835 1
1554000 1278165 2
1554000 275058 1
1554000 1278942 2
1554000 274281 1
1554000 1279719 2
1554000 273504 1
1554000 1280496 2
1554000 272727 1
1554000 1281273 2
1554000 271950 1
1554000 1282050 2
1554000 271173 1
1554000 1282827 2
1554000 270396 1
1554000 1283604 2
1554000 269619 1
1554000 1284381 2
1554000 268842 1
1554000 1285158 2
1554000 268065 1
1554000 1285935 2
1554000 267288 1
1554000 1286712 2
1554000 266511 1
1554000 1287489 2
1554000 265734 1
1554000 1288266 2
1554000 264957 1
1554000 1289043 2
1554000 264180 1
1554000 1289820 2
1554000 263403 1
1554000 1290597 2
1554000 262626 1
1554000 1291374 2
1554000 261849 1
1554000 1292151 2
1554000 261072 1
1554000 1292928 2
1554000 260295 1
1554000 1293705 2
1554000 259518 1
1554000 1294482 2
1554000 258741 1
1554000 1295259 2
1554000 257964 1
1554000 1296036 2
1554000 257187 1
1554000 1296813 2
1554000 256410 1
1554000 1297590 2
1554000 255633 1
1554000 1298367 2
1554000 254856 1
1554000 1299144 2
1554000 254079 1
1554000 1299921 2
1554000 253302 1
1554000 1300698 2
1554000 252525 1
1554000 1301475 2
1554000 251748 1
1554000 1302252 2
1554000 250971 1
1554000 1303029 2
1554000 250194 1
1554000 1303806 2
1554000 249417 1
1554000 1304583 2
1554000 248640 1
1554000 1305360 2
1554000 247863 1
1554000 1306137 2
1554000 247086 1
1554000 1306914 2
1554000 246309 1
1554000 1307691 2
1554000 245532 1
1554000 1308468 2
1554000 244755 1
1554000 1309245 2
1554000 243978 1
1554000 1310022 2
1554000 243201 1
1554000 1310799 2
1554000 242424 1
1554000 1311576 2
1554000 241647 1
1554000 1312353 2
1554000 240870 1
1554000 1313130 2
1554000 240093 1
1554000 1313907 2
1554000 239316 1
1554000 1314684 2
1554000 238539 1
1554000 1315461 2
1554000 237762 1
1554000 1316238 2
1554000 236985 1
1554000 1317015 2
1554000 236208 1
1554000 1317792 2
1554000 235431 1
1554000 1318569 2
1554000 234654 1
1554000 1319346 2
1554000 233877 1
1554000 1320123 2
1554000 233100 1
1554000 1320900 2
1554000 232323 1
1554000 1321677 2
1554000 231546 1
1554000 1322454 2
1554000 230769 1
1554000 1323231 2
1554000 229992 1
1554000 1324008 2
1554000 229215 1
1554000 1324785 2
1554000 228438 1
1554000 1325562 2
1554000 227661 1
1554000 1326339 2
1554000 226884 1
1554000 1327116 2
1554000 226107 1
1554000 1327893 2
1554000 225330 1
1554000 1328670 2
1554000 224553 1
1554000 1329447 2
1554000 223776 1
1554000 1330224 2
1554000 222999 1
1554000 1331001 2
1554000 222222 1
1554000 1331778 2
1554000 221445 1
1554000 1332555 2
1554000 220668 1
1554000 1333332 2
1554000 219891 1
1554000 1334109 2
1554000 219114 1
1554000 1334886 2
1554000 218337 1
1554000 1335663 2
1554000 217560 1
1554000 1336440 2
1554000 216783 1
1554000 1337217 2
1554000 216006 1
1554000 1337994 2
1554000 215229 1
1554000 1338771 2
1554000 214452 1
1554000 1339548 2
1554000 213675 1
1554000 1340325 2
1554000 212898 1
1554000 1341102 2
1554000 212121 1
1554000 1341879 2
1554000 211344 1
1554000 1342656 2
1554000 210567 1
1554000 1343433 2
1554000 209790 1
1554000 1344210 2
1554000 209013 1
1554000 1344987 2
1554000 208236 1
1554000 1345764 2
1554000 207459 1
1554000 1346541 2
1554000 206682 1
1554000 1347318 2
1554000 205905 1
1554000 1348095 2
1554000 205128 1
1554000 1348872 2
1554000 204351 1
1554000 1349649 2
1554000 203574 1
1554000 1350426 2
1554000 202797 1
1554000 1351203 2
1554000 202020 1
1554000 1351980 2
1554000 201243 1
1554000 1352757 2
1554000 200466 1
1554000 1353534 2
1554000 199689 1
1554000 1354311 2
1554000 198912 1
1554000 1355088 2
1554000 198135 1
1554000 1355865 2
1554000 197358 1
1554000 1356642 2
1554000 196581 1
1554000 1357419 2
1554000 195804 1
1554000 1358196 2
1554000 195027 1
1554000 1358973 2
1554000 194250 1
1554000 1359750 2
1554000 193473 1
1554000 1360527 2
1554000 192696 1
1554000 1361304 2
1554000 191919 1
1554000 1362081 2
1554000 191142 1
1554000 1362858 2
1554000 190365 1
1554000 1363635 2
1554000 189588 1
1554000 1364412 2
1554000 188811 1
1554000 1365189 2
1554000 188034 1
1554000 1365966 2
1554000 187257 1
1554000 1366743 2
1554000 186480 1
1554000 1367520 2
1554000 185703 1
1554000 1368297 2
1554000 184926 1
1554000 1369074 2
1554000 184149 1
1554000 1369851 2
1554000 183372 1
1554000 1370628 2
1554000 182595 1
1554000 1371405 2
1554000 181818 1
1554000 1372182 2
1554000 181041 1
1554000 1372959 2
1554000 180264 1
1554000 1373736 2
1554000 179487 1
1554000 1374513 2
1554000 178710 1
1554000 1375290 2
1554000 177933 1
1554000 1376067 2
1554000 177156 1
1554000 1376844 2
1554000 176379 1
1554000 1377621 2
1554000 175602 1
1554000 1378398 2
1554000 174825 1
1554000 1379175 2
1554000 174048 1
1554000 1379952 2
1554000 173271 1
1554000 1380729 2
1554000 172494 1
1554000 1381506 2
1554000 171717 1
1554000 1382283 2
1554000 170940 1
1554000 1383060 2
1554000 170163 1
1554000 1383837 2
1554000 169386 1
1554000 1384614 2
1554000 168609 1
1554000 1385391 2
1554000 167832 1
1554000 1386168 2
1554000 167055 1
1554000 1386945 2
1554000 166278 1
1554000 1387722 2
1554000 165501 1
1554000 1388499 2
1554000 164724 1
1554000 1389276 2
1554000 163947 1
1554000 1390053 2
1554000 163170 1
1554000 1390830 2
1554000 162393 1
1554000 1391607 2
1554000 161616 1
1554000 1392384 2
1554000 160839 1
1554000 1393161 2
1554000 160062 1
1554000 1393938 2
1554000 159285 1
1554000 1394715 2
1554000 158508 1
1554000 1395492 2
1554000 157731 1
1554000 1396269 2
1554000 156954 1
1554000 1397046 2
1554000 156177 1
1554000 1397823 2
1554000 155400 1
1554000 1398600 2
1554000 154623 1
1554000 1399377 2
1554000 153846 1
1554000 1400154 2
1554000 153069 1
1554000 1400931 2
1554000 152292 1
1554000 1401708 2
1554000 151515 1
1554000 1402485 2
1554000 150738 1
1554000 1403262 2
1554000 149961 1
1554000 1404039 2
1554000 149184 1
1554000 1404816 2
1554000 148407 1
1554000 1405593 2
1554000 147630 1
1554000 1406370 2
1554000 146853 1
1554000 1407147 2
1554000 146076 1
1554000 1407924 2
1554000 145299 1
1554000 1408701 2
1554000 144522 1
1554000 1409478 2
1554000 143745 1
1554000 1410255 2
1554000 142968 1
1554000 1411032 2
1554000 142191 1
1554000 1411809 2
1554000 141414 1
1554000 1412586 2
1554000 140637 1
1554000 1413363 2
1554000 139860 1
1554000 1414140 2
1554000 139083 1
1554000 1414917 2
1554000 138306 1
1554000 1415694 2
1554000 137529 1
1554000 1416471 2
1554000 136752 1
1554000 1417248 2
1554000 135975 1
1554000 1418025 2
1554000 135198 1
1554000 1418802 2
1554000 134421 1
1554000 1419579 2
1554000 133644 1
1554000 1420356 2
1554000 132867 1
1554000 1421133 2
1554000 132090 1
1554000 1421910 2
1554000 131313 1
1554000 1422687 2
1554000 130536 1
1554000 1423464 2
1554000 129759 1
1554000 1424241 2
1554000 128982 1
1554000 1425018 2
1554000 128205 1
1554000 1425795 2
1554000 127428 1
1554000 1426572 2
1554000 126651 1
1554000 1427349 2
1554000 125874 1
1554000 1428126 2
1554000 125097 1
1554000 1428903 2
1554000 124320 1
1554000 1429680 2
1554000 123543 1
1554000 1430457 2
1554000 122766 1
1554000 1431234 2
1554000 121989 1
1554000 1432011 2
1554000 121212 1
1554000 1432788 2
1554000 120435 1
1554000 1433565 2
1554000 119658 1
1554000 1434342 2
1554000 118881 1
1554000 1435119 2
1554000 118104 1
1554000 1435896 2
1554000 117327 1
1554000 1436673 2
1554000 116550 1
1554000 1437450 2
1554000 115773 1
1554000 1438227 2
1554000 114996 1
1554000 1439004 2
1554000 114219 1
1554000 1439781 2
1554000 113442 1
1554000 1440558 2
1554000 112665 1
1554000 1441335 2
1554000 111888 1
1554000 1442112 2
1554000 111111 1
1554000 1442889 2
1554000 110334 1
1554000 1443666 2
1554000 109557 1
1554000 1444443 2
1554000 108780 1
1554000 1445220 2
1554000 108003 1
1554000 1445997 2
1554000 107226 1
1554000 1446774 2
1554000 106449 1
1554000 1447551 2
1554000 105672 1
1554000 1448328 2
1554000 104895 1
1554000 1449105 2
1554000 104118 1
1554000 1449882 2
1554000 103341 1
1554000 1450659 2
1554000 102564 1
1554000 1451436 2
1554000 101787 1
1554000 1452213 2
1554000 101010 1
1554000 1452990 2
1554000 100233 1
1554000 1453767 2
1554000 99456 1
1554000 1454544 2
1554000 98679 1
1554000 1455321 2
1554000 97902 1
1554000 1456098 2
1554000 97125 1
1554000 1456875 2
1554000 96348 1
1554000 1457652 2
1554000 95571 1
1554000 1458429 2
1554000 94794 1
1554000 1459206 2
1554000 94017 1
1554000 1459983 2
1554000 93240 1
1554000 1460760 2
1554000 92463 1
1554000 1461537 2
1554000 91686 1
1554000 1462314 2
1554000 90909 1
1554000 1463091 2
1554000 90132 1
1554000 1463868 2
1554000 89355 1
1554000 1464645 2
1554000 88578 1
1554000 1465422 2
1554000 87801 1
1554000 1466199 2
1554000 87024 1
1554000 1466976 2
1554000 86247 1
1554000 1467753 2
1554000 85470 1
1554000 1468530 2
1554000 84693 1
1554000 1469307 2
1554000 83916 1
1554000 1470084 2
1554000 83139 1
1554000 1470861 2
1554000 82362 1
1554000 1471638 2
1554000 81585 1
1554000 1472415 2
1554000 80808 1
1554000 1473192 2
1554000 80031 1
1554000 1473969 2
1554000 79254 1
1554000 1474746 2
1554000 78477 1
1554000 1475523 2
1554000 77700 1
1554000 1476300 2
1554000 76923 1
1554000 1477077 2
1554000 76146 1
1554000 1477854 2
1554000 75369 1
1554000 1478631 2
1554000 74592 1
1554000 1479408 2
1554000 73815 1
1554000 1480185 2
1554000 73038 1
1554000 1480962 2
1554000 72261 1
1554000 1481739 2
1554000 71484 1
1554000 1482516 2
1554000 70707 1
1554000 1483293 2
1554000 69930 1
1554000 1484070 2
1554000 69153 1
1554000 1484847 2
1554000 68376 1
1554000 1485624 2
1554000 67599 1
1554000 1486401 2
1554000 66822 1
1554000 1487178 2
1554000 66045 1
1554000 1487955 2
1554000 65268 1
1554000 1488732 2
1554000 64491 1
1554000 1489509 2
1554000 63714 1
1554000 1490286 2
1554000 62937 1
1554000 1491063 2
1554000 62160 1
1554000 1491840 2
1554000 61383 1
1554000 1492617 2
1554000 60606 1
1554000 1493394 2
1554000 59829 1
1554000 1494171 2
1554000 59052 1
1554000 1494948 2
1554000 58275 1
1554000 1495725 2
1554000 57498 1
1554000 1496502 2
1554000 56721 1
1554000 1497279 2
1554000 55944 1
1554000 1498056 2
1554000 55167 1
1554000 1498833 2
1554000 54390 1
1554000 1499610 2
1554000 53613 1
1554000 1500387 2
1554000 52836 1
1554000 1501164 2
1554000 52059 1
1554000 1501941 2
1554000 51282 1
1554000 1502718 2
1554000 50505 1
1554000 1503495 2
1554000 49728 1
1554000 1504272 2
1554000 48951 1
1554000 1505049 2
1554000 48174 1
1554000 1505826 2
1554000 47397 1
1554000 1506603 2
1554000 46620 1
1554000 1507380 2
1554000 45843 1
1554000 1508157 2
1554000 45066 1
1554000 1508934 2
1554000 44289 1
1554000 1509711 2
1554000 43512 1
1554000 1510488 2
1554000 42735 1
1554000 1511265 2
1554000 41958 1
1554000 1512042 2
1554000 41181 1
1554000 1512819 2
1554000 40404 1
1554000 1513596 2
1554000 39627 1
1554000 1514373 2
1554000 38850 1
1554000 1515150 2
1554000 38073 1
1554000 1515927 2
1554000 37296 1
1554000 1516704 2
1554000 36519 1
1554000 1517481 2
1554000 35742 1
1554000 1518258 2
1554000 34965 1
1554000 1519035 2
1554000 34188 1
1554000 1519812 2
1554000 33411 1
1554000 1520589 2
1554000 32634 1
1554000 1521366 2
1554000 31857 1
1554000 1522143 2
1554000 31080 1
1554000 1522920 2
1554000 30303 1
1554000 1523697 2
1554000 29526 1
1554000 1524474 2
1554000 28749 1
1554000 1525251 2
1554000 27972 1
1554000 1526028 2
1554000 27195 1
1554000 1526805 2
1554000 26418 1
1554000 1527582 2
1554000 25641 1
1554000 1528359 2
1554000 24864 1
1554000 1529136 2
1554000 24087 1
1554000 1529913 2
1554000 23310 1
1554000 1530690 2
1554000 22533 1
1554000 1531467 2
1554000 21756 1
1554000 1532244 2
1554000 20979 1
1554000 1533021 2
1554000 20202 1
1554000 1533798 2
1554000 19425 1
1554000 1534575 2
1554000 18648 1
1554000 1535352 2
1554000 17871 1
1554000 1536129 2
1554000 17094 1
1554000 1536906 2
1554000 16317 1
1554000 1537683 2
1554000 15540 1
1554000 1538460 2
1554000 14763 1
1554000 1539237 2
1554000 13986 1
1554000 1540014 2
1554000 13209 1
1554000 1540791 2
1554000 12432 1
1554000 1541568 2
1554000 11655 1
1554000 1542345 2
1554000 10878 1
1554000 1543122 2
1554000 10101 1
1554000 1543899 2
1554000 9324 1
1554000 1544676 2
1554000 8547 1
1554000 1545453 2
1554000 7770 1
1554000 1546230 2
1554000 6993 1
1554000 1547007 2
1554000 6216 1
1554000 1547784 2
1554000 5439 1
1554000 1548561 2
1554000 4662 1
1554000 1549338 2
1554000 3885 1
1554000 1550115 2
1554000 3108 1
1554000 1550892 2
1554000 2331 1
1554000 1551669 2
1554000 1554 1
1554000 1552446 2
1554000 777 1
1554000 1553223 2
1100232 1417248 1
818181 1170162 1
667443 686091 2
1236207 1353534 1
48951 370629 2
1261848 166278 2
704739 1388499 1
228438 818958 1
1073814 871017 1
601398 903651 1
394716 922299 2
56721 1316238 1
817404 1351203 1
862470 1307691 2
760683 1245531 1
271173 399378 2
1034187 1313130 1
1084692 1135197 1
855477 912198 2
1129758 824397 2
340326 567987 1
429681 121989 2
550116 551670 1
888888 582750 2
949494 398601 2
801864 1475523 2
302253 1034964 2
1553223 393162 1
1097124 1488732 1
560217 349650 2
1432011 1069152 1
99456 697746 1
161616 133644 1
808857 1023309 2
1485624 1318569 1
55167 1008546 2
403263 114996 1
1083915 1237761 1
1427349 809634 1
1027971 850038 2
473193 553224 1
470862 625485 1
1356642 1269618 2
284382 387723 1
1121211 1239315 2
406371 433566 1
718725 1284381 2
488733 754467 2
397824 488733 1
1119657 966588 2
690753 1338771 1
993006 1386945 1
1100232 1395492 1
1153845 473193 2
624708 867132 1
188811 1392384 1
769230 763014 1
487956 1132089 2
979020 1383837 1
1076922 1463868 1
195804 646464 2
379176 206682 2
745143 687645 2
168609 160062 1
1516704 493395 2
1217559 778554 1
1031856 783993 2
829836 501165 2
7770 1263402 2
66045 709401 2
464646 1290597 1
876456 1260294 2
478632 479409 1
825951 1226883 1
1065267 199689 2
963480 564879 2
994560 1066044 2
637917 786324 1
171717 955710 1
1463091 944832 1
470862 1253301 2
412587 826728 1
268842 328671 2
946386 712509 2
67599 66045 2
778554 742812 1
630147 325563 1
498057 434343 2
1300698 445221 1
1033410 133644 2
313908 753690 2
1326339 832167 2
1113441 214452 2
458430 419580 1
505827 913752 1
674436 1452990 2
36519 353535 2
167055 1351980 1
783993 443667 1
708624 528360 2
1129758 1361304 1
947940 822066 2
1371405 604506 1
396270 1475523 2
1090131 843822 1
720279 494949 2
540792 1459206 1
1385391 825951 1
159285 1199688 1
271173 20979 1
1540791 127428 2
228438 1106448 1
362082 894327 2
1470084 234654 1
350427 324786 2
286713 917637 2
832944 742035 1
1181817 414918 2
493395 303807 1
895881 300699 2
953379 1012431 2
45066 1476300 1
555555 1252524 1
1020201 839160 1
624708 1351203 2
593628 937839 2
1448328 944832 2
606837 499611 1
1397046 317016 1
662004 86247 2
6993 1490286 1
360528 742812 2
135975 1087023 1
861693 634809 1
1221444 1402485 1
1012431 264957 2
1457652 700854 2
201243 1195026 1
926961 79254 2
475524 1437450 2
988344 1254855 1
960372 1162392 1
1540791 1212897 1
61383 1496502 2
658896 996891 1
800310 1353534 1
1040403 492618 1
276612 1522143 1
1087023 1393161 2
186480 455322 1
1425795 843045 2
1266510 1377621 1
396270 1337217 2
790209 701631 1
965034 934731 1
69153 451437 2
1256409 1351980 2
411033 864801 1
152292 975912 2
534576 1113441 1
323232 620823 1
1263402 81585 1
422688 284382 2
865578 1306914 2
1479408 1142190 2
653457 688422 2
1482516 340326 2
288267 403263 1
1435896 1070706 1
312354 191919 2
379176 1022532 2
1458429 843045 1
727272 94794 1
1081584 166278 2
504273 1408701 2
1153845 938616 2
324786 1227660 2
1347318 1224552 1
233877 1379952 1
1038849 999999 2
389277 13986 1
885780 202020 1
1265733 651126 2
738927 283605 2
1000776 702408 2
1311576 1435896 2
924630 13986 1
1127427 1477854 2
415695 1424241 2
920745 6216 2
1479408 641025 1
1049727 1013208 2
790986 1139082 1
749805 867132 2
1540014 785547 2
610722 1339548 2
604506 699300 2
222999 1450659 2
246309 506604 1
1250970 904428 2
28749 279720 1
1539237 881895 1
285159 533022 1
978243 329448 2
824397 492618 1
393939 1466199 2
827505 458430 1
614607 1485624 2
1356642 890442 2
57498 1089354 1
1386168 257964 2
1554 1445220 1
170940 840714 1
762237 474747 1
692307 205905 1
797979 754467 1
181041 361305 2
651126 1407147 2
1492617 867909 1
268065 795648 1
1261071 466200 1
1409478 425796 1
1476300 571095 1
1216005 1148406 2
487956 1380729 1
1227660 1512042 2
659673 568764 1
1503495 468531 2
1040403 508935 1
75369 207459 2
777 547008 2
1512819 124320 1
54390 173271 1
699300 762237 2
595959 124320 2
1531467 914529 2
713286 1358196 2
40404 871794 1
754467 655788 1
238539 651126 2
1017093 477078 1
310023 174048 1
1081584 442890 2
1219113 798756 2
621600 361305 1
1014762 466977 1
115773 204351 1
623154 1208235 1
717948 423465 1
397824 212121 1
740481 262626 1
969696 1233099 1
275835 1286712 1
993006 229992 2
1362081 839160 2
120435 1034964 1
136752 491064 1
358974 621600 2
641802 146853 2
1200465 386946 2
418803 1346541 2
1324008 389277 1
1412586 879564 2
1041180 426573 2
370629 1457652 2
270396 751359 1
1387722 365190 1
586635 241647 1
917637 850815 1
996114 1116549 1
593628 629370 1
289821 731157 2
1156953 116550 1
1044288 351204 1
1464645 421134 2
1390830 617715 1
695415 1306137 2
339549 852369 1
1236207 10878 2
192696 959595 1
1433565 1411809 1
28749 869463 1
1522143 233877 2
131313 687645 2
1249416 1279719 2
170940 1336440 1
1311576 958041 1
1536906 310800 1
387723 358197 1
687645 1005438 1
584304 1414917 1
881895 188034 1
1344987 902097 2
1028748 690753 2
218337 587412 1
604506 409479 1
541569 587412 1
614607 531468 2
1301475 874125 1
1466199 348873 2
1502718 1038072 2
956487 973581 2
1163946 1554 2
1059051 1034964 1
448329 1127427 2
1414140 1479408 2
917637 60606 2
735819 1418802 1
1214451 213675 2
1150737 677544 1
820512 757575 1
289044 222999 1
300699 1153845 2
17871 499611 1
598290 317016 2
505050 1453767 1
1297590 193473 2
828282 153069 2
454545 1437450 1
1493394 287490 1
262626 953379 2
311577 347319 1
483294 1438227 2
584304 1030302 1
527583 777 2
1515150 1289043 1
1213674 526029 1
220668 1125873 1
833721 647241 1
1537683 99456 2
654234 324786 2
910644 1453767 2
516705 127428 2
554001 1474746 1
684537 944832 1
1304583 994560 1
595959 1354311 2
794094 1400154 2
271950 613830 2
1441335 1117326 1
209790 1414140 2
250194 471639 2
34965 690753 1
939393 111111 1
658119 999222 2
278943 1201242 2
1066821 654234 2
1368297 894327 1
179487 132867 2
17094 5439 2
1540014 674436 1
703962 846153 1
265734 328671 2
657342 532245 1
1231545 219114 2
757575 1473969 2
1204350 1042734 1
1056720 732711 2
1153845 216006 2
704739 1417248 2
665112 473970 1
732711 1322454 1
1440558 1104894 1
1512819 399378 1
209013 235431 2
254079 1249416 2
993783 411810 1
1364412 162393 2
125874 1387722 1
331779 602175 1
1259517 56721 2
1444443 1247862 1
688422 1495725 2
1264956 689976 2
1330224 1382283 2
1419579 1081584 1
333333 1153845 1
167832 723387 2
1484070 441336 1
81585 769230 2
303030 895881 1
836052 263403 2
57498 1169385 1
1461537 435120 1
829059 834498 1
261072 1428903 2
1514373 697746 1
710955 588966 2
714063 238539 2
87024 606837 2
1191918 947940 1
569541 1024863 1
156954 869463 1
1549338 167055 1
1110333 1547784 2
839937 1528359 1
812742 1170939 1
350427 1182594 1
1331001 1011654 1
46620 1319346 2
597513 1453767 2
1390830 666666 1
296037 856254 1
647241 747474 2
1313130 175602 2
658896 160839 1
672882 1513596 1
253302 1380729 1
965034 684537 2
36519 242424 2
529137 1032633 2
1411809 1017093 1
505050 1526805 2
1550892 999222 1
1327116 202020 2
1419579 730380 1
756021 1348095 2
986790 893550 1
914529 983682 1
165501 1062936 1
1372959 38850 2
1200465 868686 1
659673 1126650 1
679098 588189 2
134421 1493394 1
564102 685314 1
346542 593628 2
756798 1150737 1
547008 438228 2
965811 1312353 1
1446774 133644 1
846930 1153845 2
390831 1413363 1
895104 1160838 2
909090 647241 2
922299 615384 2
1061382 306138 2
163947 747474 2
1535352 1539237 1
1425018 154623 2
234654 623931 1
1232322 1248639 1
108780 1285158 2
435897 1306914 1
717171 317016 1
258741 1435896 1
304584 709401 2
1366743 422688 2
332556 383838 2
253302 979797 2
1466976 567987 2
811188 1431234 2
1149960 1363635 2
1381506 1403262 1
173271 926184 1
1148406 90132 2
574203 867132 2
9324 1027971 2
1505826 898212 1
1209012 1522920 1
277389 1003107 2
501165 824397 1
45843 825174 1
1066044 1135974 1
920745 763014 1
644910 1188810 2
1309245 2331 1
1443666 808080 1
778554 100233 1
565656 1133643 2
905205 579642 1
400155 555555 1
1189587 864024 1
1434342 885780 2
699300 660450 2
1191918 1043511 1
406371 1024086 1
1101009 1501941 1
224553 409479 1
559440 1432788 2
1325562 753690 1
361305 173271 1
1444443 328671 1
86247 739704 2
1439004 496503 1
1331778 468531 2
83916 740481 2
1336440 411810 2
602952 1030302 2
6993 1218336 2
850815 1060605 2
225330 1526028 1
407148 416472 2
293706 1164723 2
1006992 911421 2
1140636 1303806 1
420357 190365 2
1108002 948717 2
606837 878787 1
246309 238539 2
75369 902874 1
148407 1484070 2
164724 1080030 1
1211343 418803 2
1365189 155400 2
874125 1275834 2
1342656 780885 2
1137528 918414 2
136752 432789 1
281274 273504 2
167832 1121988 2
1386945 1139082 1
766122 242424 1
720279 1160838 1
15540 971250 1
504273 98679 2
840714 1514373 1
804972 911421 2
476301 1183371 2
1406370 227661 1
49728 1328670 2
118104 38073 1
980574 289044 2
131313 1328670 2
879564 139860 2
1511265 1373736 1
947163 769230 1
1529136 264180 1
158508 17871 1
1416471 175602 2
362082 401709 2
438228 1435896 2
428127 975912 1
912975 334110 1
429681 1041957 2
926184 30303 1
556332 768453 2
777000 193473 1
1202796 770007 1
473970 1353534 2
6993 793317 1
47397 641802 1
1280496 1001553 1
48951 150738 2
275058 932400 2
960372 1505049 1
356643 1479408 2
331779 1126650 2
1379952 748251 2
161616 844599 2
1165500 1531467 1
766122 660450 1
1003107 1519812 1
901320 1247862 1
1509711 1505049 2
1334109 833721 2
1174824 881895 2
491064 1195803 1
101787 215229 1
1160838 1404039 2
1331778 203574 1
919191 1252524 1
1483293 188811 1
880341 1224552 1
524475 159285 2
802641 811965 1
993783 240870 1
518259 576534 1
814296 726495 1
255633 393162 1
1119657 356643 2
592851 952602 2
1210566 496503 2
923853 1536906 1
557109 751359 1
535353 751359 2
1401708 1435119 2
928515 1415694 2
328671 664335 2
1352757 1290597 1
735042 770784 2
368298 1415694 2
148407 1279719 1
1181040 626262 1
40404 221445 2
801864 1155399 2
616938 469308 2
770007 1227660 2
313131 1042734 2
1167831 1082361 1
770784 62160 1
543900 464646 2
400932 342657 2
738150 1439004 1
1111110 132867 1
844599 45066 2
919191 1426572 2
1477854 1307691 1
885780 224553 2
211344 1032633 2
233100 17871 2
972804 280497 1
498834 1431234 1
965034 1158507 1
1371405 285159 1
157731 1041957 2
163170 517482 1
648018 685314 2
958818 1551669 2
692307 641025 2
240870 278166 1
1104117 123543 1
7770 1069152 1
1446774 591297 2
1368297 142968 2
554778 1491840 2
657342 1125096 1
815850 1042734 1
1268064 1316238 2
1226106 325563 1
1515150 1379952 2
1092462 630924 1
1099455 565656 2
211344 1077699 1
1524474 1218336 1
662004 641802 1
396270 1511265 2
16317 404817 1
930069 3108 2
543123 141414 1
419580 1203573 1
1029525 1272726 1
719502 597513 2
925407 132090 1
424242 274281 1
701631 39627 2
759129 151515 2
1040403 1050504 2
1219890 1439004 2
1319346 925407 1
348096 717948 2
534576 22533 2
1303806 347319 1
643356 773115 2
615384 1155399 2
916860 926961 2
733488 1161615 2
699300 862470 1
839160 564879 1
1377621 958041 2
331779 1020201 2
462315 334110 2
1324008 343434 1
752136 146076 2
1301475 1419579 2
717948 780885 1
1017870 142191 1
694638 1413363 2
1384614 769230 1
48174 656565 2
189588 463869 1
871794 219891 1
1196580 501942 1
134421 515151 1
220668 172494 1
658896 540015 1
544677 1545453 1
99456 59829 1
738150 889665 1
480186 1052835 1
697746 990675 1
398601 1011654 1
899766 1114218 1
959595 1493394 2
963480 728049 2
1439781 682983 1
1184148 567210 2
12432 243201 2
98679 1378398 2
1121211 347319 2
829059 1504272 2
812742 1261071 1
1014762 269619 2
539238 88578 2
483294 292152 1
466200 636363 1
541569 209790 2
1090908 340326 1
1339548 278943 1
1061382 1183371 1
807303 398601 2
1449105 1218336 1
200466 1192695 1
1282827 1271172 1
1442112 321678 2
153846 432012 2
498834 1522920 1
160062 858585 1
630924 1185702 2
646464 306138 1
654234 985236 2
1428126 1243977 1
737373 750582 1
420357 606060 2
763014 1447551 1
1135197 309246 2
672105 1108002 2
714840 913752 2
654234 418803 1
575757 951048 2
1054389 1163169 1
574203 901320 1
20202 1103340 2
1548561 1074591 2
428904 360528 2
41958 1261071 1
829836 1278942 1
382284 704739 2
52836 174825 2
381507 643356 2
213675 1318569 2
649572 26418 1
953379 1165500 1
483294 1462314 1
1226106 597513 2
1202019 1394715 2
669774 1530690 1
1406370 484848 1
909867 74592 1
411810 756021 2
575757 405594 1
359751 1153845 2
948717 1279719 2
452214 968142 2
882672 184149 1
836829 1045065 2
1120434 63714 2
447552 588966 1
1226883 1003107 1
763791 1482516 2
1390830 295260 1
393162 724941 2
259518 1104894 1
167832 1269618 2
63714 42735 1
791763 1392384 2
470862 86247 2
301476 596736 2
630147 1048950 1
477855 1213674 1
20202 891219 2
773115 1146852 2
1507380 1035741 1
121989 666666 2
349650 559440 2
38850 1273503 2
740481 216783 2
662781 171717 1
1233876 552447 2
351204 1031856 1
1514373 986790 1
285159 218337 2
393162 1021755 2
1553223 1156953 1
46620 308469 2
163947 274281 1
1186479 1305360 2
1123542 680652 1
1530690 1156176 1
55944 1329447 2
1215228 1315461 2
1187256 1362081 2
1411809 1359750 2
967365 276612 1
324009 456099 1
256410 1096347 1
206682 969696 2
1407924 414141 1
48951 403263 1
729603 790986 1
798756 1258740 2
561771 621600 2
1141413 1373736 1
1365189 1426572 1
1244754 1500387 2
355866 703185 1
1529913 563325 2
313131 1044288 2
1191141 61383 2
303807 219114 2
558663 246309 1
465423 224553 2
1523697 508935 1
1199688 1100232 2
218337 797979 2
1512819 156954 2
573426 515928 2
1452213 1469307 1
658896 909090 2
780885 1091685 1
1476300 787878 2
1336440 1063713 2
122766 1219890 2
443667 34965 2
604506 138306 2
1299144 241647 1
481740 241647 2
445221 923076 2
401709 729603 1
1039626 1318569 2
1301475 1318569 1
374514 1161615 1
233877 1255632 2
272727 1198911 1
1515150 80031 2
1280496 1180263 1
38073 1310799 2
897435 382284 1
154623 1432788 2
358197 123543 2
682206 165501 2
1372959 972027 1
464646 580419 2
1363635 219891 1
853923 1519812 1
909090 909090 1
307692 1211343 1
271173 835275 2
31080 485625 1
375291 1347318 1
372183 1446774 2
887334 871794 2
369852 871017 1
1224552 972804 1
1442112 1279719 2
512820 602175 1
727272 951048 2
995337 1186479 2
1251747 151515 1
1136751 636363 2
1303806 1240869 2
1435119 1382283 1
273504 341880 1
1027971 759906 1
480186 1188810 2
632478 1258740 1
1303806 1125873 1
1222221 228438 1
1537683 257187 2
1508157 1041957 2
554778 148407 1
1195803 1478631 1
740481 587412 1
1062159 240093 2
949494 188811 1
354312 963480 2
122766 1094793 1
1269618 577311 2
1038849 1237761 1
602952 944055 2
122766 1155399 1
588189 516705 2
355866 150738 1
991452 290598 2
658119 1400931 1
1534575 222999 2
238539 330225 2
680652 458430 1
744366 372183 2
271950 494172 1
1335663 94794 2
431235 1020201 1
1164723 174048 1
676767 1306914 2
898989 248640 2
1009323 1479408 1
1067598 456876 1
939393 1371405 1
1180263 297591 2
362082 66045 1
1547007 869463 1
616161 452214 1
188034 1289043 2
1151514 816627 2
101010 1411032 2
277389 420357 1
191142 1031856 2
209790 195027 2
655011 1383837 1
471639 1352757 1
1358196 461538 2
256410 1077699 1
536130 1158507 1
916083 288267 1
1148406 1462314 2
666666 1291374 2
51282 453768 1
1190364 625485 1
248640 146853 1
643356 615384 2
1491840 1216005 2
1505049 137529 2
718725 196581 2
333333 651126 2
495726 273504 1
947940 556332 1
1018647 1313907 2
1381506 282828 1
1064490 810411 2
321678 1257963 1
771561 592851 2
1005438 755244 1
462315 655788 2
1528359 582750 1
518259 1494948 1
517482 570318 2
920745 1188033 2
533799 731157 1
762237 626262 1
1396269 1209789 1
1369851 285936 2
810411 136752 1
332556 627816 2
1279719 7770 2
497280 1481739 2
14763 1124319 1
690753 1497279 2
1063713 1277388 1
851592 404040 1
889665 423465 1
1442112 781662 2
511266 1041180 1
1011654 105672 1
1459983 463869 1
674436 804972 2
546231 555555 1
509712 34188 2
767676 461538 1
149184 1313907 2
1289820 83139 2
632478 142191 2
845376 1342656 2
217560 1344210 1
818958 925407 1
159285 1418802 1
2331 1387722 2
801864 342657 1
1552446 574980 1
1012431 51282 1
843045 315462 2
306138 1368297 1
517482 436674 2
337218 778554 2
912198 362859 1
257964 979020 2
691530 902097 1
324786 805749 2
1030302 1081584 1
542346 473193 2
250194 882672 1
624708 153846 1
1549338 506604 2
27972 560217 2
808080 661227 2
770007 1458429 2
620823 191142 1
655788 927738 1
15540 1105671 1
17094 1473192 2
1203573 1118880 2
1036518 182595 1
1069929 417249 1
1024086 251748 1
1299921 1202796 2
166278 1324785 1
601398 882672 2
886557 1490286 2
1334886 807303 2
1191141 348096 1
713286 1174047 2
56721 1264179 2
826728 1353534 2
860916 1212897 1
1195026 1414140 2
993006 32634 1
400155 1115772 2
443667 1366743 2
1365189 445221 1
1430457 166278 1
723387 476301 1
1216782 1157730 1
979797 860916 2
1525251 1350426 2
1195803 1303029 2
881895 748251 1
914529 463092 1
994560 390054 2
75369 1075368 1
1401708 1348095 2
45066 464646 1
87801 803418 2
1210566 1382283 1
