500
77 154 1
77 7700 2
77 231 1
77 7623 2
77 308 1
77 7546 2
77 385 1
77 7469 2
77 462 1
77 7392 2
77 539 1
77 7315 2
77 616 1
77 7238 2
77 693 1
77 7161 2
77 770 1
77 7084 2
77 847 1
77 7007 2
77 924 1
77 6930 2
77 1001 1
77 6853 2
77 1078 1
77 6776 2
77 1155 1
77 6699 2
77 1232 1
77 6622 2
77 1309 1
77 6545 2
77 1386 1
77 6468 2
77 1463 1
77 6391 2
77 1540 1
77 6314 2
77 1617 1
77 6237 2
77 1694 1
77 6160 2
77 1771 1
77 6083 2
77 1848 1
77 6006 2
77 1925 1
77 5929 2
77 2002 1
77 5852 2
77 2079 1
77 5775 2
77 2156 1
77 5698 2
77 2233 1
77 5621 2
77 2310 1
77 5544 2
77 2387 1
77 5467 2
77 2464 1
77 5390 2
77 2541 1
77 5313 2
77 2618 1
77 5236 2
77 2695 1
77 5159 2
77 2772 1
77 5082 2
77 2849 1
77 5005 2
77 2926 1
77 4928 2
77 3003 1
77 4851 2
77 3080 1
77 4774 2
77 3157 1
77 4697 2
77 3234 1
77 4620 2
77 3311 1
77 4543 2
77 3388 1
77 4466 2
77 3465 1
77 4389 2
77 3542 1
77 4312 2
77 3619 1
77 4235 2
77 3696 1
77 4158 2
77 3773 1
77 4081 2
77 3850 1
77 4004 2
77 3927 1
77 3927 2
77 4004 1
77 3850 2
77 4081 1
77 3773 2
77 4158 1
77 3696 2
77 4235 1
77 3619 2
77 4312 1
77 3542 2
77 4389 1
77 3465 2
77 4466 1
77 3388 2
77 4543 1
77 3311 2
77 4620 1
77 3234 2
77 4697 1
77 3157 2
77 4774 1
77 3080 2
77 4851 1
77 3003 2
77 4928 1
77 2926 2
77 5005 1
77 2849 2
77 5082 1
77 2772 2
77 5159 1
77 2695 2
77 5236 1
77 2618 2
77 5313 1
77 2541 2
77 5390 1
77 2464 2
77 5467 1
77 2387 2
77 5544 1
77 2310 2
77 5621 1
77 2233 2
77 5698 1
77 2156 2
77 5775 1
77 2079 2
77 5852 1
77 2002 2
77 5929 1
77 1925 2
77 6006 1
77 1848 2
77 6083 1
77 1771 2
77 6160 1
77 1694 2
77 6237 1
77 1617 2
77 6314 1
77 1540 2
77 6391 1
77 1463 2
77 6468 1
77 1386 2
77 6545 1
77 1309 2
77 6622 1
77 1232 2
77 6699 1
77 1155 2
77 6776 1
77 1078 2
77 6853 1
77 1001 2
77 6930 1
77 924 2
77 7007 1
77 847 2
77 7084 1
77 770 2
77 7161 1
77 693 2
77 7238 1
77 616 2
77 7315 1
77 539 2
77 7392 1
77 462 2
77 7469 1
77 385 2
77 7546 1
77 308 2
77 7623 1
77 231 2
77 7700 1
77 154 2
6699 7700 1
1771 308 2
1925 3696 2
3927 4851 2
4774 6160 2
2849 4543 2
4081 2233 1
693 4158 1
2849 4158 1
5544 462 1
5775 6391 1
385 4235 2
1078 2772 2
4697 3773 1
1386 4389 2
3003 4851 1
1771 3773 1
4851 3696 1
4235 5698 1
1155 2310 2
2310 539 2
5082 5929 2
1078 6468 2
3542 5390 1
1463 1925 2
231 3773 1
4697 4081 1
1232 4543 1
2002 7161 1
2849 3696 1
77 1155 2
847 5775 2
5082 77 1
5390 847 1
847 1617 1
4158 2772 2
6237 2541 1
5852 3157 1
308 5390 2
7007 2387 1
2233 3388 2
6699 3619 2
5159 77 2
1848 4004 1
4158 7623 1
4928 3773 2
2772 6391 1
6776 5236 1
2464 3003 2
2695 6468 1
154 2849 2
1001 539 1
6314 7315 1
6776 308 1
3850 4774 1
1463 2772 2
5544 5544 1
2926 4235 2
6853 4928 1
3311 3542 1
5236 5236 1
1771 5852 2
1386 385 1
6699 6930 2
1155 924 1
6930 4774 1
2079 1540 1
2387 2310 2
2695 1463 1
5236 4774 1
3773 5313 1
5236 7315 1
6006 539 1
3927 2541 1
7238 1771 2
3311 3003 1
6083 1771 2
2926 3773 1
2695 7623 1
7623 5698 1
6699 5698 2
6930 3696 1
2541 77 1
5236 308 1
6622 4158 2
1078 4774 2
1694 1078 2
5313 6160 2
1078 1001 2
6622 4312 1
5544 6083 1
6391 5467 1
3465 1540 2
3927 6930 2
2002 3157 2
2002 7623 1
462 616 1
7007 4851 2
5313 1925 2
3003 7469 2
2464 7623 1
2772 154 1
5082 1386 1
5929 6776 1
6468 4004 1
3388 1232 2
7238 3311 2
3234 6083 1
6160 6622 2
539 2310 1
2926 3311 1
693 3157 1
2002 4774 1
2849 3850 2
3157 2618 2
3465 462 2
2156 3003 2
2464 3465 1
1232 6237 2
231 7007 2
2926 1155 1
4004 2541 1
5313 462 1
3773 4312 2
4235 3388 1
2618 924 2
6468 2772 2
4697 2695 2
7392 6083 1
2695 6160 2
5698 3465 2
154 693 1
7007 5544 2
6083 1617 1
7623 4774 1
3311 7546 2
6006 4158 2
3311 4389 1
7546 2464 1
1155 308 2
693 3927 1
1694 231 1
7084 3927 2
7546 2002 2
5544 1925 1
3003 4620 2
4774 2541 1
5698 1617 2
462 3311 1
308 2464 1
6853 4620 2
1078 462 2
5005 847 1
3080 5929 1
2541 2233 1
5082 7238 2
4081 1848 2
693 7392 1
5544 154 1
5159 2079 2
1617 2079 1
2464 2695 2
2079 1001 2
385 4312 2
2772 5775 2
5698 4774 2
5082 7392 2
6160 4620 1
2002 3927 2
2464 1848 2
2541 2926 2
5390 1463 1
5698 5698 2
4543 1232 1
4774 5005 2
6391 6006 2
2156 7546 1
539 154 1
5929 1617 1
3619 5852 1
1771 7623 1
5390 6237 1
5313 7392 1
6699 539 2
4158 7238 1
4466 6391 2
1232 616 2
5698 3850 2
3773 2695 2
3234 2156 2
7084 4389 1
4312 7623 1
231 5390 2
3619 616 1
4466 7084 1
7469 4004 1
7623 6622 1
5698 4004 2
4081 5236 1
7084 4004 1
1925 3542 1
7007 7161 2
1617 6468 1
2310 7315 2
3234 7469 1
1617 3465 1
2618 1848 1
1694 3542 2
6468 2233 1
539 4697 2
1078 3542 1
1617 1463 1
7007 6083 2
3542 2849 1
3850 6699 1
7315 1463 2
7238 2002 2
1078 4389 2
4697 6237 1
2156 4312 1
1155 2926 1
1925 2233 2
4928 1309 1
6006 5390 2
3542 3157 1
7238 2849 2
3234 5236 2
7161 2310 1
1771 1617 2
616 77 1
1463 5775 2
5390 7623 1
539 308 1
385 3619 2
6160 5390 2
2310 6083 1
2695 4081 1
2849 154 2
1001 5621 2
770 5390 1
616 6545 2
4081 6160 1
3619 6622 1
1386 1232 1
2233 7084 1
1848 1848 1
231 6314 1
7546 1078 1
462 2156 2
1386 847 2
693 4620 1
7392 1309 2
5929 6622 1
5698 3927 2
2233 7700 2
1925 4158 2
2772 6468 1
3157 1309 1
7623 4312 2
5390 3157 2
4235 2695 1
6237 7700 1
6853 5236 2
7469 5390 1
2695 4312 2
4697 6006 1
1771 5775 1
1617 6391 2
2695 4851 1
5005 2464 1
2079 4235 2
6314 6853 1
4081 3080 2
1078 4466 1
7084 3234 2
1694 4389 1
5082 6930 1
5621 3927 2
4774 6391 1
3850 847 2
3542 6776 1
6314 5082 1
7315 2926 2
4697 616 1
1771 1463 2
2772 6160 2
3773 2002 1
1925 4697 1
3311 4620 2
385 231 2
7315 7392 1
5544 4620 2
4004 1771 2
6006 1925 2
4774 3850 1
3234 6083 2
462 7469 1
3542 6622 2
4389 3927 2
5236 7161 2
6391 2772 2
6699 847 2
