5000
777 1554 1
1554 2331 1
2331 3108 1
3108 3885 1
3885 4662 1
4662 5439 1
5439 6216 1
6216 6993 1
6993 7770 1
7770 8547 1
8547 9324 1
9324 10101 1
10101 10878 1
10878 11655 1
11655 12432 1
12432 13209 1
13209 13986 1
13986 14763 1
14763 15540 1
15540 16317 1
16317 17094 1
17094 17871 1
17871 18648 1
18648 19425 1
19425 20202 1
20202 20979 1
20979 21756 1
21756 22533 1
22533 23310 1
23310 24087 1
24087 24864 1
24864 25641 1
25641 26418 1
26418 27195 1
27195 27972 1
27972 28749 1
28749 29526 1
29526 30303 1
30303 31080 1
31080 31857 1
31857 32634 1
32634 33411 1
33411 34188 1
34188 34965 1
34965 35742 1
35742 36519 1
36519 37296 1
37296 38073 1
38073 38850 1
38850 39627 1
39627 40404 1
40404 41181 1
41181 41958 1
41958 42735 1
42735 43512 1
43512 44289 1
44289 45066 1
45066 45843 1
45843 46620 1
46620 47397 1
47397 48174 1
48174 48951 1
48951 49728 1
49728 50505 1
50505 51282 1
51282 52059 1
52059 52836 1
52836 53613 1
53613 54390 1
54390 55167 1
55167 55944 1
55944 56721 1
56721 57498 1
57498 58275 1
58275 59052 1
59052 59829 1
59829 60606 1
60606 61383 1
61383 62160 1
62160 62937 1
62937 63714 1
63714 64491 1
64491 65268 1
65268 66045 1
66045 66822 1
66822 67599 1
67599 68376 1
68376 69153 1
69153 69930 1
69930 70707 1
70707 71484 1
71484 72261 1
72261 73038 1
73038 73815 1
73815 74592 1
74592 75369 1
75369 76146 1
76146 76923 1
76923 77700 1
77700 78477 1
78477 79254 1
79254 80031 1
80031 80808 1
80808 81585 1
81585 82362 1
82362 83139 1
83139 83916 1
83916 84693 1
84693 85470 1
85470 86247 1
86247 87024 1
87024 87801 1
87801 88578 1
88578 89355 1
89355 90132 1
90132 90909 1
90909 91686 1
91686 92463 1
92463 93240 1
93240 94017 1
94017 94794 1
94794 95571 1
95571 96348 1
96348 97125 1
97125 97902 1
97902 98679 1
98679 99456 1
99456 100233 1
100233 101010 1
101010 101787 1
101787 102564 1
102564 103341 1
103341 104118 1
104118 104895 1
104895 105672 1
105672 106449 1
106449 107226 1
107226 108003 1
108003 108780 1
108780 109557 1
109557 110334 1
110334 111111 1
111111 111888 1
111888 112665 1
112665 113442 1
113442 114219 1
114219 114996 1
114996 115773 1
115773 116550 1
116550 117327 1
117327 118104 1
118104 118881 1
118881 119658 1
119658 120435 1
120435 121212 1
121212 121989 1
121989 122766 1
122766 123543 1
123543 124320 1
124320 125097 1
125097 125874 1
125874 126651 1
126651 127428 1
127428 128205 1
128205 128982 1
128982 129759 1
129759 130536 1
130536 131313 1
131313 132090 1
132090 132867 1
132867 133644 1
133644 134421 1
134421 135198 1
135198 135975 1
135975 136752 1
136752 137529 1
137529 138306 1
138306 139083 1
139083 139860 1
139860 140637 1
140637 141414 1
141414 142191 1
142191 142968 1
142968 143745 1
143745 144522 1
144522 145299 1
145299 146076 1
146076 146853 1
146853 147630 1
147630 148407 1
148407 149184 1
149184 149961 1
149961 150738 1
150738 151515 1
151515 152292 1
152292 153069 1
153069 153846 1
153846 154623 1
154623 155400 1
155400 156177 1
156177 156954 1
156954 157731 1
157731 158508 1
158508 159285 1
159285 160062 1
160062 160839 1
160839 161616 1
161616 162393 1
162393 163170 1
163170 163947 1
163947 164724 1
164724 165501 1
165501 166278 1
166278 167055 1
167055 167832 1
167832 168609 1
168609 169386 1
169386 170163 1
170163 170940 1
170940 171717 1
171717 172494 1
172494 173271 1
173271 174048 1
174048 174825 1
174825 175602 1
175602 176379 1
176379 177156 1
177156 177933 1
177933 178710 1
178710 179487 1
179487 180264 1
180264 181041 1
181041 181818 1
181818 182595 1
182595 183372 1
183372 184149 1
184149 184926 1
184926 185703 1
185703 186480 1
186480 187257 1
187257 188034 1
188034 188811 1
188811 189588 1
189588 190365 1
190365 191142 1
191142 191919 1
191919 192696 1
192696 193473 1
193473 194250 1
194250 195027 1
195027 195804 1
195804 196581 1
196581 197358 1
197358 198135 1
198135 198912 1
198912 199689 1
199689 200466 1
200466 201243 1
201243 202020 1
202020 202797 1
202797 203574 1
203574 204351 1
204351 205128 1
205128 205905 1
205905 206682 1
206682 207459 1
207459 208236 1
208236 209013 1
209013 209790 1
209790 210567 1
210567 211344 1
211344 212121 1
212121 212898 1
212898 213675 1
213675 214452 1
214452 215229 1
215229 216006 1
216006 216783 1
216783 217560 1
217560 218337 1
218337 219114 1
219114 219891 1
219891 220668 1
220668 221445 1
221445 222222 1
222222 222999 1
222999 223776 1
223776 224553 1
224553 225330 1
225330 226107 1
226107 226884 1
226884 227661 1
227661 228438 1
228438 229215 1
229215 229992 1
229992 230769 1
230769 231546 1
231546 232323 1
232323 233100 1
233100 233877 1
233877 234654 1
234654 235431 1
235431 236208 1
236208 236985 1
236985 237762 1
237762 238539 1
238539 239316 1
239316 240093 1
240093 240870 1
240870 241647 1
241647 242424 1
242424 243201 1
243201 243978 1
243978 244755 1
244755 245532 1
245532 246309 1
246309 247086 1
247086 247863 1
247863 248640 1
248640 249417 1
249417 250194 1
250194 250971 1
250971 251748 1
251748 252525 1
252525 253302 1
253302 254079 1
254079 254856 1
254856 255633 1
255633 256410 1
256410 257187 1
257187 257964 1
257964 258741 1
258741 259518 1
259518 260295 1
260295 261072 1
261072 261849 1
261849 262626 1
262626 263403 1
263403 264180 1
264180 264957 1
264957 265734 1
265734 266511 1
266511 267288 1
267288 268065 1
268065 268842 1
268842 269619 1
269619 270396 1
270396 271173 1
271173 271950 1
271950 272727 1
272727 273504 1
273504 274281 1
274281 275058 1
275058 275835 1
275835 276612 1
276612 277389 1
277389 278166 1
278166 278943 1
278943 279720 1
279720 280497 1
280497 281274 1
281274 282051 1
282051 282828 1
282828 283605 1
283605 284382 1
284382 285159 1
285159 285936 1
285936 286713 1
286713 287490 1
287490 288267 1
288267 289044 1
289044 289821 1
289821 290598 1
290598 291375 1
291375 292152 1
292152 292929 1
292929 293706 1
293706 294483 1
294483 295260 1
295260 296037 1
296037 296814 1
296814 297591 1
297591 298368 1
298368 299145 1
299145 299922 1
299922 300699 1
300699 301476 1
301476 302253 1
302253 303030 1
303030 303807 1
303807 304584 1
304584 305361 1
305361 306138 1
306138 306915 1
306915 307692 1
307692 308469 1
308469 309246 1
309246 310023 1
310023 310800 1
310800 311577 1
311577 312354 1
312354 313131 1
313131 313908 1
313908 314685 1
314685 315462 1
315462 316239 1
316239 317016 1
317016 317793 1
317793 318570 1
318570 319347 1
319347 320124 1
320124 320901 1
320901 321678 1
321678 322455 1
322455 323232 1
323232 324009 1
324009 324786 1
324786 325563 1
325563 326340 1
326340 327117 1
327117 327894 1
327894 328671 1
328671 329448 1
329448 330225 1
330225 331002 1
331002 331779 1
331779 332556 1
332556 333333 1
333333 334110 1
334110 334887 1
334887 335664 1
335664 336441 1
336441 337218 1
337218 337995 1
337995 338772 1
338772 339549 1
339549 340326 1
340326 341103 1
341103 341880 1
341880 342657 1
342657 343434 1
343434 344211 1
344211 344988 1
344988 345765 1
345765 346542 1
346542 347319 1
347319 348096 1
348096 348873 1
348873 349650 1
349650 350427 1
350427 351204 1
351204 351981 1
351981 352758 1
352758 353535 1
353535 354312 1
354312 355089 1
355089 355866 1
355866 356643 1
356643 357420 1
357420 358197 1
358197 358974 1
358974 359751 1
359751 360528 1
360528 361305 1
361305 362082 1
362082 362859 1
362859 363636 1
363636 364413 1
364413 365190 1
365190 365967 1
365967 366744 1
366744 367521 1
367521 368298 1
368298 369075 1
369075 369852 1
369852 370629 1
370629 371406 1
371406 372183 1
372183 372960 1
372960 373737 1
373737 374514 1
374514 375291 1
375291 376068 1
376068 376845 1
376845 377622 1
377622 378399 1
378399 379176 1
379176 379953 1
379953 380730 1
380730 381507 1
381507 382284 1
382284 383061 1
383061 383838 1
383838 384615 1
384615 385392 1
385392 386169 1
386169 386946 1
386946 387723 1
387723 388500 1
388500 389277 1
389277 390054 1
390054 390831 1
390831 391608 1
391608 392385 1
392385 393162 1
393162 393939 1
393939 394716 1
394716 395493 1
395493 396270 1
396270 397047 1
397047 397824 1
397824 398601 1
398601 399378 1
399378 400155 1
400155 400932 1
400932 401709 1
401709 402486 1
402486 403263 1
403263 404040 1
404040 404817 1
404817 405594 1
405594 406371 1
406371 407148 1
407148 407925 1
407925 408702 1
408702 409479 1
409479 410256 1
410256 411033 1
411033 411810 1
411810 412587 1
412587 413364 1
413364 414141 1
414141 414918 1
414918 415695 1
415695 416472 1
416472 417249 1
417249 418026 1
418026 418803 1
418803 419580 1
419580 420357 1
420357 421134 1
421134 421911 1
421911 422688 1
422688 423465 1
423465 424242 1
424242 425019 1
425019 425796 1
425796 426573 1
426573 427350 1
427350 428127 1
428127 428904 1
428904 429681 1
429681 430458 1
430458 431235 1
431235 432012 1
432012 432789 1
432789 433566 1
433566 434343 1
434343 435120 1
435120 435897 1
435897 436674 1
436674 437451 1
437451 438228 1
438228 439005 1
439005 439782 1
439782 440559 1
440559 441336 1
441336 442113 1
442113 442890 1
442890 443667 1
443667 444444 1
444444 445221 1
445221 445998 1
445998 446775 1
446775 447552 1
447552 448329 1
448329 449106 1
449106 449883 1
449883 450660 1
450660 451437 1
451437 452214 1
452214 452991 1
452991 453768 1
453768 454545 1
454545 455322 1
455322 456099 1
456099 456876 1
456876 457653 1
457653 458430 1
458430 459207 1
459207 459984 1
459984 460761 1
460761 461538 1
461538 462315 1
462315 463092 1
463092 463869 1
463869 464646 1
464646 465423 1
465423 466200 1
466200 466977 1
466977 467754 1
467754 468531 1
468531 469308 1
469308 470085 1
470085 470862 1
470862 471639 1
471639 472416 1
472416 473193 1
473193 473970 1
473970 474747 1
474747 475524 1
475524 476301 1
476301 477078 1
477078 477855 1
477855 478632 1
478632 479409 1
479409 480186 1
480186 480963 1
480963 481740 1
481740 482517 1
482517 483294 1
483294 484071 1
484071 484848 1
484848 485625 1
485625 486402 1
486402 487179 1
487179 487956 1
487956 488733 1
488733 489510 1
489510 490287 1
490287 491064 1
491064 491841 1
491841 492618 1
492618 493395 1
493395 494172 1
494172 494949 1
494949 495726 1
495726 496503 1
496503 497280 1
497280 498057 1
498057 498834 1
498834 499611 1
499611 500388 1
500388 501165 1
501165 501942 1
501942 502719 1
502719 503496 1
503496 504273 1
504273 505050 1
505050 505827 1
505827 506604 1
506604 507381 1
507381 508158 1
508158 508935 1
508935 509712 1
509712 510489 1
510489 511266 1
511266 512043 1
512043 512820 1
512820 513597 1
513597 514374 1
514374 515151 1
515151 515928 1
515928 516705 1
516705 517482 1
517482 518259 1
518259 519036 1
519036 519813 1
519813 520590 1
520590 521367 1
521367 522144 1
522144 522921 1
522921 523698 1
523698 524475 1
524475 525252 1
525252 526029 1
526029 526806 1
526806 527583 1
527583 528360 1
528360 529137 1
529137 529914 1
529914 530691 1
530691 531468 1
531468 532245 1
532245 533022 1
533022 533799 1
533799 534576 1
534576 535353 1
535353 536130 1
536130 536907 1
536907 537684 1
537684 538461 1
538461 539238 1
539238 540015 1
540015 540792 1
540792 541569 1
541569 542346 1
542346 543123 1
543123 543900 1
543900 544677 1
544677 545454 1
545454 546231 1
546231 547008 1
547008 547785 1
547785 548562 1
548562 549339 1
549339 550116 1
550116 550893 1
550893 551670 1
551670 552447 1
552447 553224 1
553224 554001 1
554001 554778 1
554778 555555 1
555555 556332 1
556332 557109 1
557109 557886 1
557886 558663 1
558663 559440 1
559440 560217 1
560217 560994 1
560994 561771 1
561771 562548 1
562548 563325 1
563325 564102 1
564102 564879 1
564879 565656 1
565656 566433 1
566433 567210 1
567210 567987 1
567987 568764 1
568764 569541 1
569541 570318 1
570318 571095 1
571095 571872 1
571872 572649 1
572649 573426 1
573426 574203 1
574203 574980 1
574980 575757 1
575757 576534 1
576534 577311 1
577311 578088 1
578088 578865 1
578865 579642 1
579642 580419 1
580419 581196 1
581196 581973 1
581973 582750 1
582750 583527 1
583527 584304 1
584304 585081 1
585081 585858 1
585858 586635 1
586635 587412 1
587412 588189 1
588189 588966 1
588966 589743 1
589743 590520 1
590520 591297 1
591297 592074 1
592074 592851 1
592851 593628 1
593628 594405 1
594405 595182 1
595182 595959 1
595959 596736 1
596736 597513 1
597513 598290 1
598290 599067 1
599067 599844 1
599844 600621 1
600621 601398 1
601398 602175 1
602175 602952 1
602952 603729 1
603729 604506 1
604506 605283 1
605283 606060 1
606060 606837 1
606837 607614 1
607614 608391 1
608391 609168 1
609168 609945 1
609945 610722 1
610722 611499 1
611499 612276 1
612276 613053 1
613053 613830 1
613830 614607 1
614607 615384 1
615384 616161 1
616161 616938 1
616938 617715 1
617715 618492 1
618492 619269 1
619269 620046 1
620046 620823 1
620823 621600 1
621600 622377 1
622377 623154 1
623154 623931 1
623931 624708 1
624708 625485 1
625485 626262 1
626262 627039 1
627039 627816 1
627816 628593 1
628593 629370 1
629370 630147 1
630147 630924 1
630924 631701 1
631701 632478 1
632478 633255 1
633255 634032 1
634032 634809 1
634809 635586 1
635586 636363 1
636363 637140 1
637140 637917 1
637917 638694 1
638694 639471 1
639471 640248 1
640248 641025 1
641025 641802 1
641802 642579 1
642579 643356 1
643356 644133 1
644133 644910 1
644910 645687 1
645687 646464 1
646464 647241 1
647241 648018 1
648018 648795 1
648795 649572 1
649572 650349 1
650349 651126 1
651126 651903 1
651903 652680 1
652680 653457 1
653457 654234 1
654234 655011 1
655011 655788 1
655788 656565 1
656565 657342 1
657342 658119 1
658119 658896 1
658896 659673 1
659673 660450 1
660450 661227 1
661227 662004 1
662004 662781 1
662781 663558 1
663558 664335 1
664335 665112 1
665112 665889 1
665889 666666 1
666666 667443 1
667443 668220 1
668220 668997 1
668997 669774 1
669774 670551 1
670551 671328 1
671328 672105 1
672105 672882 1
672882 673659 1
673659 674436 1
674436 675213 1
675213 675990 1
675990 676767 1
676767 677544 1
677544 678321 1
678321 679098 1
679098 679875 1
679875 680652 1
680652 681429 1
681429 682206 1
682206 682983 1
682983 683760 1
683760 684537 1
684537 685314 1
685314 686091 1
686091 686868 1
686868 687645 1
687645 688422 1
688422 689199 1
689199 689976 1
689976 690753 1
690753 691530 1
691530 692307 1
692307 693084 1
693084 693861 1
693861 694638 1
694638 695415 1
695415 696192 1
696192 696969 1
696969 697746 1
697746 698523 1
698523 699300 1
699300 700077 1
700077 700854 1
700854 701631 1
701631 702408 1
702408 703185 1
703185 703962 1
703962 704739 1
704739 705516 1
705516 706293 1
706293 707070 1
707070 707847 1
707847 708624 1
708624 709401 1
709401 710178 1
710178 710955 1
710955 711732 1
711732 712509 1
712509 713286 1
713286 714063 1
714063 714840 1
714840 715617 1
715617 716394 1
716394 717171 1
717171 717948 1
717948 718725 1
718725 719502 1
719502 720279 1
720279 721056 1
721056 721833 1
721833 722610 1
722610 723387 1
723387 724164 1
724164 724941 1
724941 725718 1
725718 726495 1
726495 727272 1
727272 728049 1
728049 728826 1
728826 729603 1
729603 730380 1
730380 731157 1
731157 731934 1
731934 732711 1
732711 733488 1
733488 734265 1
734265 735042 1
735042 735819 1
735819 736596 1
736596 737373 1
737373 738150 1
738150 738927 1
738927 739704 1
739704 740481 1
740481 741258 1
741258 742035 1
742035 742812 1
742812 743589 1
743589 744366 1
744366 745143 1
745143 745920 1
745920 746697 1
746697 747474 1
747474 748251 1
748251 749028 1
749028 749805 1
749805 750582 1
750582 751359 1
751359 752136 1
752136 752913 1
752913 753690 1
753690 754467 1
754467 755244 1
755244 756021 1
756021 756798 1
756798 757575 1
757575 758352 1
758352 759129 1
759129 759906 1
759906 760683 1
760683 761460 1
761460 762237 1
762237 763014 1
763014 763791 1
763791 764568 1
764568 765345 1
765345 766122 1
766122 766899 1
766899 767676 1
767676 768453 1
768453 769230 1
769230 770007 1
770007 770784 1
770784 771561 1
771561 772338 1
772338 773115 1
773115 773892 1
773892 774669 1
774669 775446 1
775446 776223 1
776223 777000 1
777000 777777 1
777777 778554 1
778554 779331 1
779331 780108 1
780108 780885 1
780885 781662 1
781662 782439 1
782439 783216 1
783216 783993 1
783993 784770 1
784770 785547 1
785547 786324 1
786324 787101 1
787101 787878 1
787878 788655 1
788655 789432 1
789432 790209 1
790209 790986 1
790986 791763 1
791763 792540 1
792540 793317 1
793317 794094 1
794094 794871 1
794871 795648 1
795648 796425 1
796425 797202 1
797202 797979 1
797979 798756 1
798756 799533 1
799533 800310 1
800310 801087 1
801087 801864 1
801864 802641 1
802641 803418 1
803418 804195 1
804195 804972 1
804972 805749 1
805749 806526 1
806526 807303 1
807303 808080 1
808080 808857 1
808857 809634 1
809634 810411 1
810411 811188 1
811188 811965 1
811965 812742 1
812742 813519 1
813519 814296 1
814296 815073 1
815073 815850 1
815850 816627 1
816627 817404 1
817404 818181 1
818181 818958 1
818958 819735 1
819735 820512 1
820512 821289 1
821289 822066 1
822066 822843 1
822843 823620 1
823620 824397 1
824397 825174 1
825174 825951 1
825951 826728 1
826728 827505 1
827505 828282 1
828282 829059 1
829059 829836 1
829836 830613 1
830613 831390 1
831390 832167 1
832167 832944 1
832944 833721 1
833721 834498 1
834498 835275 1
835275 836052 1
836052 836829 1
836829 837606 1
837606 838383 1
838383 839160 1
839160 839937 1
839937 840714 1
840714 841491 1
841491 842268 1
842268 843045 1
843045 843822 1
843822 844599 1
844599 845376 1
845376 846153 1
846153 846930 1
846930 847707 1
847707 848484 1
848484 849261 1
849261 850038 1
850038 850815 1
850815 851592 1
851592 852369 1
852369 853146 1
853146 853923 1
853923 854700 1
854700 855477 1
855477 856254 1
856254 857031 1
857031 857808 1
857808 858585 1
858585 859362 1
859362 860139 1
860139 860916 1
860916 861693 1
861693 862470 1
862470 863247 1
863247 864024 1
864024 864801 1
864801 865578 1
865578 866355 1
866355 867132 1
867132 867909 1
867909 868686 1
868686 869463 1
869463 870240 1
870240 871017 1
871017 871794 1
871794 872571 1
872571 873348 1
873348 874125 1
874125 874902 1
874902 875679 1
875679 876456 1
876456 877233 1
877233 878010 1
878010 878787 1
878787 879564 1
879564 880341 1
880341 881118 1
881118 881895 1
881895 882672 1
882672 883449 1
883449 884226 1
884226 885003 1
885003 885780 1
885780 886557 1
886557 887334 1
887334 888111 1
888111 888888 1
888888 889665 1
889665 890442 1
890442 891219 1
891219 891996 1
891996 892773 1
892773 893550 1
893550 894327 1
894327 895104 1
895104 895881 1
895881 896658 1
896658 897435 1
897435 898212 1
898212 898989 1
898989 899766 1
899766 900543 1
900543 901320 1
901320 902097 1
902097 902874 1
902874 903651 1
903651 904428 1
904428 905205 1
905205 905982 1
905982 906759 1
906759 907536 1
907536 908313 1
908313 909090 1
909090 909867 1
909867 910644 1
910644 911421 1
911421 912198 1
912198 912975 1
912975 913752 1
913752 914529 1
914529 915306 1
915306 916083 1
916083 916860 1
916860 917637 1
917637 918414 1
918414 919191 1
919191 919968 1
919968 920745 1
920745 921522 1
921522 922299 1
922299 923076 1
923076 923853 1
923853 924630 1
924630 925407 1
925407 926184 1
926184 926961 1
926961 927738 1
927738 928515 1
928515 929292 1
929292 930069 1
930069 930846 1
930846 931623 1
931623 932400 1
932400 933177 1
933177 933954 1
933954 934731 1
934731 935508 1
935508 936285 1
936285 937062 1
937062 937839 1
937839 938616 1
938616 939393 1
939393 940170 1
940170 940947 1
940947 941724 1
941724 942501 1
942501 943278 1
943278 944055 1
944055 944832 1
944832 945609 1
945609 946386 1
946386 947163 1
947163 947940 1
947940 948717 1
948717 949494 1
949494 950271 1
950271 951048 1
951048 951825 1
951825 952602 1
952602 953379 1
953379 954156 1
954156 954933 1
954933 955710 1
955710 956487 1
956487 957264 1
957264 958041 1
958041 958818 1
958818 959595 1
959595 960372 1
960372 961149 1
961149 961926 1
961926 962703 1
962703 963480 1
963480 964257 1
964257 965034 1
965034 965811 1
965811 966588 1
966588 967365 1
967365 968142 1
968142 968919 1
968919 969696 1
969696 970473 1
970473 971250 1
971250 972027 1
972027 972804 1
972804 973581 1
973581 974358 1
974358 975135 1
975135 975912 1
975912 976689 1
976689 977466 1
977466 978243 1
978243 979020 1
979020 979797 1
979797 980574 1
980574 981351 1
981351 982128 1
982128 982905 1
982905 983682 1
983682 984459 1
984459 985236 1
985236 986013 1
986013 986790 1
986790 987567 1
987567 988344 1
988344 989121 1
989121 989898 1
989898 990675 1
990675 991452 1
991452 992229 1
992229 993006 1
993006 993783 1
993783 994560 1
994560 995337 1
995337 996114 1
996114 996891 1
996891 997668 1
997668 998445 1
998445 999222 1
999222 999999 1
999999 1000776 1
1000776 1001553 1
1001553 1002330 1
1002330 1003107 1
1003107 1003884 1
1003884 1004661 1
1004661 1005438 1
1005438 1006215 1
1006215 1006992 1
1006992 1007769 1
1007769 1008546 1
1008546 1009323 1
1009323 1010100 1
1010100 1010877 1
1010877 1011654 1
1011654 1012431 1
1012431 1013208 1
1013208 1013985 1
1013985 1014762 1
1014762 1015539 1
1015539 1016316 1
1016316 1017093 1
1017093 1017870 1
1017870 1018647 1
1018647 1019424 1
1019424 1020201 1
1020201 1020978 1
1020978 1021755 1
1021755 1022532 1
1022532 1023309 1
1023309 1024086 1
1024086 1024863 1
1024863 1025640 1
1025640 1026417 1
1026417 1027194 1
1027194 1027971 1
1027971 1028748 1
1028748 1029525 1
1029525 1030302 1
1030302 1031079 1
1031079 1031856 1
1031856 1032633 1
1032633 1033410 1
1033410 1034187 1
1034187 1034964 1
1034964 1035741 1
1035741 1036518 1
1036518 1037295 1
1037295 1038072 1
1038072 1038849 1
1038849 1039626 1
1039626 1040403 1
1040403 1041180 1
1041180 1041957 1
1041957 1042734 1
1042734 1043511 1
1043511 1044288 1
1044288 1045065 1
1045065 1045842 1
1045842 1046619 1
1046619 1047396 1
1047396 1048173 1
1048173 1048950 1
1048950 1049727 1
1049727 1050504 1
1050504 1051281 1
1051281 1052058 1
1052058 1052835 1
1052835 1053612 1
1053612 1054389 1
1054389 1055166 1
1055166 1055943 1
1055943 1056720 1
1056720 1057497 1
1057497 1058274 1
1058274 1059051 1
1059051 1059828 1
1059828 1060605 1
1060605 1061382 1
1061382 1062159 1
1062159 1062936 1
1062936 1063713 1
1063713 1064490 1
1064490 1065267 1
1065267 1066044 1
1066044 1066821 1
1066821 1067598 1
1067598 1068375 1
1068375 1069152 1
1069152 1069929 1
1069929 1070706 1
1070706 1071483 1
1071483 1072260 1
1072260 1073037 1
1073037 1073814 1
1073814 1074591 1
1074591 1075368 1
1075368 1076145 1
1076145 1076922 1
1076922 1077699 1
1077699 1078476 1
1078476 1079253 1
1079253 1080030 1
1080030 1080807 1
1080807 1081584 1
1081584 1082361 1
1082361 1083138 1
1083138 1083915 1
1083915 1084692 1
1084692 1085469 1
1085469 1086246 1
1086246 1087023 1
1087023 1087800 1
1087800 1088577 1
1088577 1089354 1
1089354 1090131 1
1090131 1090908 1
1090908 1091685 1
1091685 1092462 1
1092462 1093239 1
1093239 1094016 1
1094016 1094793 1
1094793 1095570 1
1095570 1096347 1
1096347 1097124 1
1097124 1097901 1
1097901 1098678 1
1098678 1099455 1
1099455 1100232 1
1100232 1101009 1
1101009 1101786 1
1101786 1102563 1
1102563 1103340 1
1103340 1104117 1
1104117 1104894 1
1104894 1105671 1
1105671 1106448 1
1106448 1107225 1
1107225 1108002 1
1108002 1108779 1
1108779 1109556 1
1109556 1110333 1
1110333 1111110 1
1111110 1111887 1
1111887 1112664 1
1112664 1113441 1
1113441 1114218 1
1114218 1114995 1
1114995 1115772 1
1115772 1116549 1
1116549 1117326 1
1117326 1118103 1
1118103 1118880 1
1118880 1119657 1
1119657 1120434 1
1120434 1121211 1
1121211 1121988 1
1121988 1122765 1
1122765 1123542 1
1123542 1124319 1
1124319 1125096 1
1125096 1125873 1
1125873 1126650 1
1126650 1127427 1
1127427 1128204 1
1128204 1128981 1
1128981 1129758 1
1129758 1130535 1
1130535 1131312 1
1131312 1132089 1
1132089 1132866 1
1132866 1133643 1
1133643 1134420 1
1134420 1135197 1
1135197 1135974 1
1135974 1136751 1
1136751 1137528 1
1137528 1138305 1
1138305 1139082 1
1139082 1139859 1
1139859 1140636 1
1140636 1141413 1
1141413 1142190 1
1142190 1142967 1
1142967 1143744 1
1143744 1144521 1
1144521 1145298 1
1145298 1146075 1
1146075 1146852 1
1146852 1147629 1
1147629 1148406 1
1148406 1149183 1
1149183 1149960 1
1149960 1150737 1
1150737 1151514 1
1151514 1152291 1
1152291 1153068 1
1153068 1153845 1
1153845 1154622 1
1154622 1155399 1
1155399 1156176 1
1156176 1156953 1
1156953 1157730 1
1157730 1158507 1
1158507 1159284 1
1159284 1160061 1
1160061 1160838 1
1160838 1161615 1
1161615 1162392 1
1162392 1163169 1
1163169 1163946 1
1163946 1164723 1
1164723 1165500 1
1165500 1166277 1
1166277 1167054 1
1167054 1167831 1
1167831 1168608 1
1168608 1169385 1
1169385 1170162 1
1170162 1170939 1
1170939 1171716 1
1171716 1172493 1
1172493 1173270 1
1173270 1174047 1
1174047 1174824 1
1174824 1175601 1
1175601 1176378 1
1176378 1177155 1
1177155 1177932 1
1177932 1178709 1
1178709 1179486 1
1179486 1180263 1
1180263 1181040 1
1181040 1181817 1
1181817 1182594 1
1182594 1183371 1
1183371 1184148 1
1184148 1184925 1
1184925 1185702 1
1185702 1186479 1
1186479 1187256 1
1187256 1188033 1
1188033 1188810 1
1188810 1189587 1
1189587 1190364 1
1190364 1191141 1
1191141 1191918 1
1191918 1192695 1
1192695 1193472 1
1193472 1194249 1
1194249 1195026 1
1195026 1195803 1
1195803 1196580 1
1196580 1197357 1
1197357 1198134 1
1198134 1198911 1
1198911 1199688 1
1199688 1200465 1
1200465 1201242 1
1201242 1202019 1
1202019 1202796 1
1202796 1203573 1
1203573 1204350 1
1204350 1205127 1
1205127 1205904 1
1205904 1206681 1
1206681 1207458 1
1207458 1208235 1
1208235 1209012 1
1209012 1209789 1
1209789 1210566 1
1210566 1211343 1
1211343 1212120 1
1212120 1212897 1
1212897 1213674 1
1213674 1214451 1
1214451 1215228 1
1215228 1216005 1
1216005 1216782 1
1216782 1217559 1
1217559 1218336 1
1218336 1219113 1
1219113 1219890 1
1219890 1220667 1
1220667 1221444 1
1221444 1222221 1
1222221 1222998 1
1222998 1223775 1
1223775 1224552 1
1224552 1225329 1
1225329 1226106 1
1226106 1226883 1
1226883 1227660 1
1227660 1228437 1
1228437 1229214 1
1229214 1229991 1
1229991 1230768 1
1230768 1231545 1
1231545 1232322 1
1232322 1233099 1
1233099 1233876 1
1233876 1234653 1
1234653 1235430 1
1235430 1236207 1
1236207 1236984 1
1236984 1237761 1
1237761 1238538 1
1238538 1239315 1
1239315 1240092 1
1240092 1240869 1
1240869 1241646 1
1241646 1242423 1
1242423 1243200 1
1243200 1243977 1
1243977 1244754 1
1244754 1245531 1
1245531 1246308 1
1246308 1247085 1
1247085 1247862 1
1247862 1248639 1
1248639 1249416 1
1249416 1250193 1
1250193 1250970 1
1250970 1251747 1
1251747 1252524 1
1252524 1253301 1
1253301 1254078 1
1254078 1254855 1
1254855 1255632 1
1255632 1256409 1
1256409 1257186 1
1257186 1257963 1
1257963 1258740 1
1258740 1259517 1
1259517 1260294 1
1260294 1261071 1
1261071 1261848 1
1261848 1262625 1
1262625 1263402 1
1263402 1264179 1
1264179 1264956 1
1264956 1265733 1
1265733 1266510 1
1266510 1267287 1
1267287 1268064 1
1268064 1268841 1
1268841 1269618 1
1269618 1270395 1
1270395 1271172 1
1271172 1271949 1
1271949 1272726 1
1272726 1273503 1
1273503 1274280 1
1274280 1275057 1
1275057 1275834 1
1275834 1276611 1
1276611 1277388 1
1277388 1278165 1
1278165 1278942 1
1278942 1279719 1
1279719 1280496 1
1280496 1281273 1
1281273 1282050 1
1282050 1282827 1
1282827 1283604 1
1283604 1284381 1
1284381 1285158 1
1285158 1285935 1
1285935 1286712 1
1286712 1287489 1
1287489 1288266 1
1288266 1289043 1
1289043 1289820 1
1289820 1290597 1
1290597 1291374 1
1291374 1292151 1
1292151 1292928 1
1292928 1293705 1
1293705 1294482 1
1294482 1295259 1
1295259 1296036 1
1296036 1296813 1
1296813 1297590 1
1297590 1298367 1
1298367 1299144 1
1299144 1299921 1
1299921 1300698 1
1300698 1301475 1
1301475 1302252 1
1302252 1303029 1
1303029 1303806 1
1303806 1304583 1
1304583 1305360 1
1305360 1306137 1
1306137 1306914 1
1306914 1307691 1
1307691 1308468 1
1308468 1309245 1
1309245 1310022 1
1310022 1310799 1
1310799 1311576 1
1311576 1312353 1
1312353 1313130 1
1313130 1313907 1
1313907 1314684 1
1314684 1315461 1
1315461 1316238 1
1316238 1317015 1
1317015 1317792 1
1317792 1318569 1
1318569 1319346 1
1319346 1320123 1
1320123 1320900 1
1320900 1321677 1
1321677 1322454 1
1322454 1323231 1
1323231 1324008 1
1324008 1324785 1
1324785 1325562 1
1325562 1326339 1
1326339 1327116 1
1327116 1327893 1
1327893 1328670 1
1328670 1329447 1
1329447 1330224 1
1330224 1331001 1
1331001 1331778 1
1331778 1332555 1
1332555 1333332 1
1333332 1334109 1
1334109 1334886 1
1334886 1335663 1
1335663 1336440 1
1336440 1337217 1
1337217 1337994 1
1337994 1338771 1
1338771 1339548 1
1339548 1340325 1
1340325 1341102 1
1341102 1341879 1
1341879 1342656 1
1342656 1343433 1
1343433 1344210 1
1344210 1344987 1
1344987 1345764 1
1345764 1346541 1
1346541 1347318 1
1347318 1348095 1
1348095 1348872 1
1348872 1349649 1
1349649 1350426 1
1350426 1351203 1
1351203 1351980 1
1351980 1352757 1
1352757 1353534 1
1353534 1354311 1
1354311 1355088 1
1355088 1355865 1
1355865 1356642 1
1356642 1357419 1
1357419 1358196 1
1358196 1358973 1
1358973 1359750 1
1359750 1360527 1
1360527 1361304 1
1361304 1362081 1
1362081 1362858 1
1362858 1363635 1
1363635 1364412 1
1364412 1365189 1
1365189 1365966 1
1365966 1366743 1
1366743 1367520 1
1367520 1368297 1
1368297 1369074 1
1369074 1369851 1
1369851 1370628 1
1370628 1371405 1
1371405 1372182 1
1372182 1372959 1
1372959 1373736 1
1373736 1374513 1
1374513 1375290 1
1375290 1376067 1
1376067 1376844 1
1376844 1377621 1
1377621 1378398 1
1378398 1379175 1
1379175 1379952 1
1379952 1380729 1
1380729 1381506 1
1381506 1382283 1
1382283 1383060 1
1383060 1383837 1
1383837 1384614 1
1384614 1385391 1
1385391 1386168 1
1386168 1386945 1
1386945 1387722 1
1387722 1388499 1
1388499 1389276 1
1389276 1390053 1
1390053 1390830 1
1390830 1391607 1
1391607 1392384 1
1392384 1393161 1
1393161 1393938 1
1393938 1394715 1
1394715 1395492 1
1395492 1396269 1
1396269 1397046 1
1397046 1397823 1
1397823 1398600 1
1398600 1399377 1
1399377 1400154 1
1400154 1400931 1
1400931 1401708 1
1401708 1402485 1
1402485 1403262 1
1403262 1404039 1
1404039 1404816 1
1404816 1405593 1
1405593 1406370 1
1406370 1407147 1
1407147 1407924 1
1407924 1408701 1
1408701 1409478 1
1409478 1410255 1
1410255 1411032 1
1411032 1411809 1
1411809 1412586 1
1412586 1413363 1
1413363 1414140 1
1414140 1414917 1
1414917 1415694 1
1415694 1416471 1
1416471 1417248 1
1417248 1418025 1
1418025 1418802 1
1418802 1419579 1
1419579 1420356 1
1420356 1421133 1
1421133 1421910 1
1421910 1422687 1
1422687 1423464 1
1423464 1424241 1
1424241 1425018 1
1425018 1425795 1
1425795 1426572 1
1426572 1427349 1
1427349 1428126 1
1428126 1428903 1
1428903 1429680 1
1429680 1430457 1
1430457 1431234 1
1431234 1432011 1
1432011 1432788 1
1432788 1433565 1
1433565 1434342 1
1434342 1435119 1
1435119 1435896 1
1435896 1436673 1
1436673 1437450 1
1437450 1438227 1
1438227 1439004 1
1439004 1439781 1
1439781 1440558 1
1440558 1441335 1
1441335 1442112 1
1442112 1442889 1
1442889 1443666 1
1443666 1444443 1
1444443 1445220 1
1445220 1445997 1
1445997 1446774 1
1446774 1447551 1
1447551 1448328 1
1448328 1449105 1
1449105 1449882 1
1449882 1450659 1
1450659 1451436 1
1451436 1452213 1
1452213 1452990 1
1452990 1453767 1
1453767 1454544 1
1454544 1455321 1
1455321 1456098 1
1456098 1456875 1
1456875 1457652 1
1457652 1458429 1
1458429 1459206 1
1459206 1459983 1
1459983 1460760 1
1460760 1461537 1
1461537 1462314 1
1462314 1463091 1
1463091 1463868 1
1463868 1464645 1
1464645 1465422 1
1465422 1466199 1
1466199 1466976 1
1466976 1467753 1
1467753 1468530 1
1468530 1469307 1
1469307 1470084 1
1470084 1470861 1
1470861 1471638 1
1471638 1472415 1
1472415 1473192 1
1473192 1473969 1
1473969 1474746 1
1474746 1475523 1
1475523 1476300 1
1476300 1477077 1
1477077 1477854 1
1477854 1478631 1
1478631 1479408 1
1479408 1480185 1
1480185 1480962 1
1480962 1481739 1
1481739 1482516 1
1482516 1483293 1
1483293 1484070 1
1484070 1484847 1
1484847 1485624 1
1485624 1486401 1
1486401 1487178 1
1487178 1487955 1
1487955 1488732 1
1488732 1489509 1
1489509 1490286 1
1490286 1491063 1
1491063 1491840 1
1491840 1492617 1
1492617 1493394 1
1493394 1494171 1
1494171 1494948 1
1494948 1495725 1
1495725 1496502 1
1496502 1497279 1
1497279 1498056 1
1498056 1498833 1
1498833 1499610 1
1499610 1500387 1
1500387 1501164 1
1501164 1501941 1
1501941 1502718 1
1502718 1503495 1
1503495 1504272 1
1504272 1505049 1
1505049 1505826 1
1505826 1506603 1
1506603 1507380 1
1507380 1508157 1
1508157 1508934 1
1508934 1509711 1
1509711 1510488 1
1510488 1511265 1
1511265 1512042 1
1512042 1512819 1
1512819 1513596 1
1513596 1514373 1
1514373 1515150 1
1515150 1515927 1
1515927 1516704 1
1516704 1517481 1
1517481 1518258 1
1518258 1519035 1
1519035 1519812 1
1519812 1520589 1
1520589 1521366 1
1521366 1522143 1
1522143 1522920 1
1522920 1523697 1
1523697 1524474 1
1524474 1525251 1
1525251 1526028 1
1526028 1526805 1
1526805 1527582 1
1527582 1528359 1
1528359 1529136 1
1529136 1529913 1
1529913 1530690 1
1530690 1531467 1
1531467 1532244 1
1532244 1533021 1
1533021 1533798 1
1533798 1534575 1
1534575 1535352 1
1535352 1536129 1
1536129 1536906 1
1536906 1537683 1
1537683 1538460 1
1538460 1539237 1
1539237 1540014 1
1540014 1540791 1
1540791 1541568 1
1541568 1542345 1
1542345 1543122 1
1543122 1543899 1
1543899 1544676 1
1544676 1545453 1
1545453 1546230 1
1546230 1547007 1
1547007 1547784 1
1547784 1548561 1
1548561 1549338 1
1549338 1550115 1
1550115 1550892 1
1550892 1551669 1
1551669 1552446 1
1552446 1553223 1
1553223 1554000 1
1554000 1554777 1
1554777 1555554 1
1555554 1556331 1
1556331 1557108 1
1557108 1557885 1
1557885 1558662 1
1558662 1559439 1
1559439 1560216 1
1560216 1560993 1
1560993 1561770 1
1561770 1562547 1
1562547 1563324 1
1563324 1564101 1
1564101 1564878 1
1564878 1565655 1
1565655 1566432 1
1566432 1567209 1
1567209 1567986 1
1567986 1568763 1
1568763 1569540 1
1569540 1570317 1
1570317 1571094 1
1571094 1571871 1
1571871 1572648 1
1572648 1573425 1
1573425 1574202 1
1574202 1574979 1
1574979 1575756 1
1575756 1576533 1
1576533 1577310 1
1577310 1578087 1
1578087 1578864 1
1578864 1579641 1
1579641 1580418 1
1580418 1581195 1
1581195 1581972 1
1581972 1582749 1
1582749 1583526 1
1583526 1584303 1
1584303 1585080 1
1585080 1585857 1
1585857 1586634 1
1586634 1587411 1
1587411 1588188 1
1588188 1588965 1
1588965 1589742 1
1589742 1590519 1
1590519 1591296 1
1591296 1592073 1
1592073 1592850 1
1592850 1593627 1
1593627 1594404 1
1594404 1595181 1
1595181 1595958 1
1595958 1596735 1
1596735 1597512 1
1597512 1598289 1
1598289 1599066 1
1599066 1599843 1
1599843 1600620 1
1600620 1601397 1
1601397 1602174 1
1602174 1602951 1
1602951 1603728 1
1603728 1604505 1
1604505 1605282 1
1605282 1606059 1
1606059 1606836 1
1606836 1607613 1
1607613 1608390 1
1608390 1609167 1
1609167 1609944 1
1609944 1610721 1
1610721 1611498 1
1611498 1612275 1
1612275 1613052 1
1613052 1613829 1
1613829 1614606 1
1614606 1615383 1
1615383 1616160 1
1616160 1616937 1
1616937 1617714 1
1617714 1618491 1
1618491 1619268 1
1619268 1620045 1
1620045 1620822 1
1620822 1621599 1
1621599 1622376 1
1622376 1623153 1
1623153 1623930 1
1623930 1624707 1
1624707 1625484 1
1625484 1626261 1
1626261 1627038 1
1627038 1627815 1
1627815 1628592 1
1628592 1629369 1
1629369 1630146 1
1630146 1630923 1
1630923 1631700 1
1631700 1632477 1
1632477 1633254 1
1633254 1634031 1
1634031 1634808 1
1634808 1635585 1
1635585 1636362 1
1636362 1637139 1
1637139 1637916 1
1637916 1638693 1
1638693 1639470 1
1639470 1640247 1
1640247 1641024 1
1641024 1641801 1
1641801 1642578 1
1642578 1643355 1
1643355 1644132 1
1644132 1644909 1
1644909 1645686 1
1645686 1646463 1
1646463 1647240 1
1647240 1648017 1
1648017 1648794 1
1648794 1649571 1
1649571 1650348 1
1650348 1651125 1
1651125 1651902 1
1651902 1652679 1
1652679 1653456 1
1653456 1654233 1
1654233 1655010 1
1655010 1655787 1
1655787 1656564 1
1656564 1657341 1
1657341 1658118 1
1658118 1658895 1
1658895 1659672 1
1659672 1660449 1
1660449 1661226 1
1661226 1662003 1
1662003 1662780 1
1662780 1663557 1
1663557 1664334 1
1664334 1665111 1
1665111 1665888 1
1665888 1666665 1
1666665 1667442 1
1667442 1668219 1
1668219 1668996 1
1668996 1669773 1
1669773 1670550 1
1670550 1671327 1
1671327 1672104 1
1672104 1672881 1
1672881 1673658 1
1673658 1674435 1
1674435 1675212 1
1675212 1675989 1
1675989 1676766 1
1676766 1677543 1
1677543 1678320 1
1678320 1679097 1
1679097 1679874 1
1679874 1680651 1
1680651 1681428 1
1681428 1682205 1
1682205 1682982 1
1682982 1683759 1
1683759 1684536 1
1684536 1685313 1
1685313 1686090 1
1686090 1686867 1
1686867 1687644 1
1687644 1688421 1
1688421 1689198 1
1689198 1689975 1
1689975 1690752 1
1690752 1691529 1
1691529 1692306 1
1692306 1693083 1
1693083 1693860 1
1693860 1694637 1
1694637 1695414 1
1695414 1696191 1
1696191 1696968 1
1696968 1697745 1
1697745 1698522 1
1698522 1699299 1
1699299 1700076 1
1700076 1700853 1
1700853 1701630 1
1701630 1702407 1
1702407 1703184 1
1703184 1703961 1
1703961 1704738 1
1704738 1705515 1
1705515 1706292 1
1706292 1707069 1
1707069 1707846 1
1707846 1708623 1
1708623 1709400 1
1709400 1710177 1
1710177 1710954 1
1710954 1711731 1
1711731 1712508 1
1712508 1713285 1
1713285 1714062 1
1714062 1714839 1
1714839 1715616 1
1715616 1716393 1
1716393 1717170 1
1717170 1717947 1
1717947 1718724 1
1718724 1719501 1
1719501 1720278 1
1720278 1721055 1
1721055 1721832 1
1721832 1722609 1
1722609 1723386 1
1723386 1724163 1
1724163 1724940 1
1724940 1725717 1
1725717 1726494 1
1726494 1727271 1
1727271 1728048 1
1728048 1728825 1
1728825 1729602 1
1729602 1730379 1
1730379 1731156 1
1731156 1731933 1
1731933 1732710 1
1732710 1733487 1
1733487 1734264 1
1734264 1735041 1
1735041 1735818 1
1735818 1736595 1
1736595 1737372 1
1737372 1738149 1
1738149 1738926 1
1738926 1739703 1
1739703 1740480 1
1740480 1741257 1
1741257 1742034 1
1742034 1742811 1
1742811 1743588 1
1743588 1744365 1
1744365 1745142 1
1745142 1745919 1
1745919 1746696 1
1746696 1747473 1
1747473 1748250 1
1748250 1749027 1
1749027 1749804 1
1749804 1750581 1
1750581 1751358 1
1751358 1752135 1
1752135 1752912 1
1752912 1753689 1
1753689 1754466 1
1754466 1755243 1
1755243 1756020 1
1756020 1756797 1
1756797 1757574 1
1757574 1758351 1
1758351 1759128 1
1759128 1759905 1
1759905 1760682 1
1760682 1761459 1
1761459 1762236 1
1762236 1763013 1
1763013 1763790 1
1763790 1764567 1
1764567 1765344 1
1765344 1766121 1
1766121 1766898 1
1766898 1767675 1
1767675 1768452 1
1768452 1769229 1
1769229 1770006 1
1770006 1770783 1
1770783 1771560 1
1771560 1772337 1
1772337 1773114 1
1773114 1773891 1
1773891 1774668 1
1774668 1775445 1
1775445 1776222 1
1776222 1776999 1
1776999 1777776 1
1777776 1778553 1
1778553 1779330 1
1779330 1780107 1
1780107 1780884 1
1780884 1781661 1
1781661 1782438 1
1782438 1783215 1
1783215 1783992 1
1783992 1784769 1
1784769 1785546 1
1785546 1786323 1
1786323 1787100 1
1787100 1787877 1
1787877 1788654 1
1788654 1789431 1
1789431 1790208 1
1790208 1790985 1
1790985 1791762 1
1791762 1792539 1
1792539 1793316 1
1793316 1794093 1
1794093 1794870 1
1794870 1795647 1
1795647 1796424 1
1796424 1797201 1
1797201 1797978 1
1797978 1798755 1
1798755 1799532 1
1799532 1800309 1
1800309 1801086 1
1801086 1801863 1
1801863 1802640 1
1802640 1803417 1
1803417 1804194 1
1804194 1804971 1
1804971 1805748 1
1805748 1806525 1
1806525 1807302 1
1807302 1808079 1
1808079 1808856 1
1808856 1809633 1
1809633 1810410 1
1810410 1811187 1
1811187 1811964 1
1811964 1812741 1
1812741 1813518 1
1813518 1814295 1
1814295 1815072 1
1815072 1815849 1
1815849 1816626 1
1816626 1817403 1
1817403 1818180 1
1818180 1818957 1
1818957 1819734 1
1819734 1820511 1
1820511 1821288 1
1821288 1822065 1
1822065 1822842 1
1822842 1823619 1
1823619 1824396 1
1824396 1825173 1
1825173 1825950 1
1825950 1826727 1
1826727 1827504 1
1827504 1828281 1
1828281 1829058 1
1829058 1829835 1
1829835 1830612 1
1830612 1831389 1
1831389 1832166 1
1832166 1832943 1
1832943 1833720 1
1833720 1834497 1
1834497 1835274 1
1835274 1836051 1
1836051 1836828 1
1836828 1837605 1
1837605 1838382 1
1838382 1839159 1
1839159 1839936 1
1839936 1840713 1
1840713 1841490 1
1841490 1842267 1
1842267 1843044 1
1843044 1843821 1
1843821 1844598 1
1844598 1845375 1
1845375 1846152 1
1846152 1846929 1
1846929 1847706 1
1847706 1848483 1
1848483 1849260 1
1849260 1850037 1
1850037 1850814 1
1850814 1851591 1
1851591 1852368 1
1852368 1853145 1
1853145 1853922 1
1853922 1854699 1
1854699 1855476 1
1855476 1856253 1
1856253 1857030 1
1857030 1857807 1
1857807 1858584 1
1858584 1859361 1
1859361 1860138 1
1860138 1860915 1
1860915 1861692 1
1861692 1862469 1
1862469 1863246 1
1863246 1864023 1
1864023 1864800 1
1864800 1865577 1
1865577 1866354 1
1866354 1867131 1
1867131 1867908 1
1867908 1868685 1
1868685 1869462 1
1869462 1870239 1
1870239 1871016 1
1871016 1871793 1
1871793 1872570 1
1872570 1873347 1
1873347 1874124 1
1874124 1874901 1
1874901 1875678 1
1875678 1876455 1
1876455 1877232 1
1877232 1878009 1
1878009 1878786 1
1878786 1879563 1
1879563 1880340 1
1880340 1881117 1
1881117 1881894 1
1881894 1882671 1
1882671 1883448 1
1883448 1884225 1
1884225 1885002 1
1885002 1885779 1
1885779 1886556 1
1886556 1887333 1
1887333 1888110 1
1888110 1888887 1
1888887 1889664 1
1889664 1890441 1
1890441 1891218 1
1891218 1891995 1
1891995 1892772 1
1892772 1893549 1
1893549 1894326 1
1894326 1895103 1
1895103 1895880 1
1895880 1896657 1
1896657 1897434 1
1897434 1898211 1
1898211 1898988 1
1898988 1899765 1
1899765 1900542 1
1900542 1901319 1
1901319 1902096 1
1902096 1902873 1
1902873 1903650 1
1903650 1904427 1
1904427 1905204 1
1905204 1905981 1
1905981 1906758 1
1906758 1907535 1
1907535 1908312 1
1908312 1909089 1
1909089 1909866 1
1909866 1910643 1
1910643 1911420 1
1911420 1912197 1
1912197 1912974 1
1912974 1913751 1
1913751 1914528 1
1914528 1915305 1
1915305 1916082 1
1916082 1916859 1
1916859 1917636 1
1917636 1918413 1
1918413 1919190 1
1919190 1919967 1
1919967 1920744 1
1920744 1921521 1
1921521 1922298 1
1922298 1923075 1
1923075 1923852 1
1923852 1924629 1
1924629 1925406 1
1925406 1926183 1
1926183 1926960 1
1926960 1927737 1
1927737 1928514 1
1928514 1929291 1
1929291 1930068 1
1930068 1930845 1
1930845 1931622 1
1931622 1932399 1
1932399 1933176 1
1933176 1933953 1
1933953 1934730 1
1934730 1935507 1
1935507 1936284 1
1936284 1937061 1
1937061 1937838 1
1937838 1938615 1
1938615 1939392 1
1939392 1940169 1
1940169 1940946 1
1940946 1941723 1
1941723 1942500 1
1942500 1943277 1
1943277 1944054 1
1944054 1944831 1
1944831 1945608 1
1945608 1946385 1
1946385 1947162 1
1947162 1947939 1
1947939 1948716 1
1948716 1949493 1
1949493 1950270 1
1950270 1951047 1
1951047 1951824 1
1951824 1952601 1
1952601 1953378 1
1953378 1954155 1
1954155 1954932 1
1954932 1955709 1
1955709 1956486 1
1956486 1957263 1
1957263 1958040 1
1958040 1958817 1
1958817 1959594 1
1959594 1960371 1
1960371 1961148 1
1961148 1961925 1
1961925 1962702 1
1962702 1963479 1
1963479 1964256 1
1964256 1965033 1
1965033 1965810 1
1965810 1966587 1
1966587 1967364 1
1967364 1968141 1
1968141 1968918 1
1968918 1969695 1
1969695 1970472 1
1970472 1971249 1
1971249 1972026 1
1972026 1972803 1
1972803 1973580 1
1973580 1974357 1
1974357 1975134 1
1975134 1975911 1
1975911 1976688 1
1976688 1977465 1
1977465 1978242 1
1978242 1979019 1
1979019 1979796 1
1979796 1980573 1
1980573 1981350 1
1981350 1982127 1
1982127 1982904 1
1982904 1983681 1
1983681 1984458 1
1984458 1985235 1
1985235 1986012 1
1986012 1986789 1
1986789 1987566 1
1987566 1988343 1
1988343 1989120 1
1989120 1989897 1
1989897 1990674 1
1990674 1991451 1
1991451 1992228 1
1992228 1993005 1
1993005 1993782 1
1993782 1994559 1
1994559 1995336 1
1995336 1996113 1
1996113 1996890 1
1996890 1997667 1
1997667 1998444 1
1998444 1999221 1
1999221 1999998 1
1999998 2000775 1
2000775 2001552 1
2001552 2002329 1
2002329 2003106 1
2003106 2003883 1
2003883 2004660 1
2004660 2005437 1
2005437 2006214 1
2006214 2006991 1
2006991 2007768 1
2007768 2008545 1
2008545 2009322 1
2009322 2010099 1
2010099 2010876 1
2010876 2011653 1
2011653 2012430 1
2012430 2013207 1
2013207 2013984 1
2013984 2014761 1
2014761 2015538 1
2015538 2016315 1
2016315 2017092 1
2017092 2017869 1
2017869 2018646 1
2018646 2019423 1
2019423 2020200 1
2020200 2020977 1
2020977 2021754 1
2021754 2022531 1
2022531 2023308 1
2023308 2024085 1
2024085 2024862 1
2024862 2025639 1
2025639 2026416 1
2026416 2027193 1
2027193 2027970 1
2027970 2028747 1
2028747 2029524 1
2029524 2030301 1
2030301 2031078 1
2031078 2031855 1
2031855 2032632 1
2032632 2033409 1
2033409 2034186 1
2034186 2034963 1
2034963 2035740 1
2035740 2036517 1
2036517 2037294 1
2037294 2038071 1
2038071 2038848 1
2038848 2039625 1
2039625 2040402 1
2040402 2041179 1
2041179 2041956 1
2041956 2042733 1
2042733 2043510 1
2043510 2044287 1
2044287 2045064 1
2045064 2045841 1
2045841 2046618 1
2046618 2047395 1
2047395 2048172 1
2048172 2048949 1
2048949 2049726 1
2049726 2050503 1
2050503 2051280 1
2051280 2052057 1
2052057 2052834 1
2052834 2053611 1
2053611 2054388 1
2054388 2055165 1
2055165 2055942 1
2055942 2056719 1
2056719 2057496 1
2057496 2058273 1
2058273 2059050 1
2059050 2059827 1
2059827 2060604 1
2060604 2061381 1
2061381 2062158 1
2062158 2062935 1
2062935 2063712 1
2063712 2064489 1
2064489 2065266 1
2065266 2066043 1
2066043 2066820 1
2066820 2067597 1
2067597 2068374 1
2068374 2069151 1
2069151 2069928 1
2069928 2070705 1
2070705 2071482 1
2071482 2072259 1
2072259 2073036 1
2073036 2073813 1
2073813 2074590 1
2074590 2075367 1
2075367 2076144 1
2076144 2076921 1
2076921 2077698 1
2077698 2078475 1
2078475 2079252 1
2079252 2080029 1
2080029 2080806 1
2080806 2081583 1
2081583 2082360 1
2082360 2083137 1
2083137 2083914 1
2083914 2084691 1
2084691 2085468 1
2085468 2086245 1
2086245 2087022 1
2087022 2087799 1
2087799 2088576 1
2088576 2089353 1
2089353 2090130 1
2090130 2090907 1
2090907 2091684 1
2091684 2092461 1
2092461 2093238 1
2093238 2094015 1
2094015 2094792 1
2094792 2095569 1
2095569 2096346 1
2096346 2097123 1
2097123 2097900 1
2097900 2098677 1
2098677 2099454 1
2099454 2100231 1
2100231 2101008 1
2101008 2101785 1
2101785 2102562 1
2102562 2103339 1
2103339 2104116 1
2104116 2104893 1
2104893 2105670 1
2105670 2106447 1
2106447 2107224 1
2107224 2108001 1
2108001 2108778 1
2108778 2109555 1
2109555 2110332 1
2110332 2111109 1
2111109 2111886 1
2111886 2112663 1
2112663 2113440 1
2113440 2114217 1
2114217 2114994 1
2114994 2115771 1
2115771 2116548 1
2116548 2117325 1
2117325 2118102 1
2118102 2118879 1
2118879 2119656 1
2119656 2120433 1
2120433 2121210 1
2121210 2121987 1
2121987 2122764 1
2122764 2123541 1
2123541 2124318 1
2124318 2125095 1
2125095 2125872 1
2125872 2126649 1
2126649 2127426 1
2127426 2128203 1
2128203 2128980 1
2128980 2129757 1
2129757 2130534 1
2130534 2131311 1
2131311 2132088 1
2132088 2132865 1
2132865 2133642 1
2133642 2134419 1
2134419 2135196 1
2135196 2135973 1
2135973 2136750 1
2136750 2137527 1
2137527 2138304 1
2138304 2139081 1
2139081 2139858 1
2139858 2140635 1
2140635 2141412 1
2141412 2142189 1
2142189 2142966 1
2142966 2143743 1
2143743 2144520 1
2144520 2145297 1
2145297 2146074 1
2146074 2146851 1
2146851 2147628 1
2147628 2148405 1
2148405 2149182 1
2149182 2149959 1
2149959 2150736 1
2150736 2151513 1
2151513 2152290 1
2152290 2153067 1
2153067 2153844 1
2153844 2154621 1
2154621 2155398 1
2155398 2156175 1
2156175 2156952 1
2156952 2157729 1
2157729 2158506 1
2158506 2159283 1
2159283 2160060 1
2160060 2160837 1
2160837 2161614 1
2161614 2162391 1
2162391 2163168 1
2163168 2163945 1
2163945 2164722 1
2164722 2165499 1
2165499 2166276 1
2166276 2167053 1
2167053 2167830 1
2167830 2168607 1
2168607 2169384 1
2169384 2170161 1
2170161 2170938 1
2170938 2171715 1
2171715 2172492 1
2172492 2173269 1
2173269 2174046 1
2174046 2174823 1
2174823 2175600 1
2175600 2176377 1
2176377 2177154 1
2177154 2177931 1
2177931 2178708 1
2178708 2179485 1
2179485 2180262 1
2180262 2181039 1
2181039 2181816 1
2181816 2182593 1
2182593 2183370 1
2183370 2184147 1
2184147 2184924 1
2184924 2185701 1
2185701 2186478 1
2186478 2187255 1
2187255 2188032 1
2188032 2188809 1
2188809 2189586 1
2189586 2190363 1
2190363 2191140 1
2191140 2191917 1
2191917 2192694 1
2192694 2193471 1
2193471 2194248 1
2194248 2195025 1
2195025 2195802 1
2195802 2196579 1
2196579 2197356 1
2197356 2198133 1
2198133 2198910 1
2198910 2199687 1
2199687 2200464 1
2200464 2201241 1
2201241 2202018 1
2202018 2202795 1
2202795 2203572 1
2203572 2204349 1
2204349 2205126 1
2205126 2205903 1
2205903 2206680 1
2206680 2207457 1
2207457 2208234 1
2208234 2209011 1
2209011 2209788 1
2209788 2210565 1
2210565 2211342 1
2211342 2212119 1
2212119 2212896 1
2212896 2213673 1
2213673 2214450 1
2214450 2215227 1
2215227 2216004 1
2216004 2216781 1
2216781 2217558 1
2217558 2218335 1
2218335 2219112 1
2219112 2219889 1
2219889 2220666 1
2220666 2221443 1
2221443 2222220 1
2222220 2222997 1
2222997 2223774 1
2223774 2224551 1
2224551 2225328 1
2225328 2226105 1
2226105 2226882 1
2226882 2227659 1
2227659 2228436 1
2228436 2229213 1
2229213 2229990 1
2229990 2230767 1
2230767 2231544 1
2231544 2232321 1
2232321 2233098 1
2233098 2233875 1
2233875 2234652 1
2234652 2235429 1
2235429 2236206 1
2236206 2236983 1
2236983 2237760 1
2237760 2238537 1
2238537 2239314 1
2239314 2240091 1
2240091 2240868 1
2240868 2241645 1
2241645 2242422 1
2242422 2243199 1
2243199 2243976 1
2243976 2244753 1
2244753 2245530 1
2245530 2246307 1
2246307 2247084 1
2247084 2247861 1
2247861 2248638 1
2248638 2249415 1
2249415 2250192 1
2250192 2250969 1
2250969 2251746 1
2251746 2252523 1
2252523 2253300 1
2253300 2254077 1
2254077 2254854 1
2254854 2255631 1
2255631 2256408 1
2256408 2257185 1
2257185 2257962 1
2257962 2258739 1
2258739 2259516 1
2259516 2260293 1
2260293 2261070 1
2261070 2261847 1
2261847 2262624 1
2262624 2263401 1
2263401 2264178 1
2264178 2264955 1
2264955 2265732 1
2265732 2266509 1
2266509 2267286 1
2267286 2268063 1
2268063 2268840 1
2268840 2269617 1
2269617 2270394 1
2270394 2271171 1
2271171 2271948 1
2271948 2272725 1
2272725 2273502 1
2273502 2274279 1
2274279 2275056 1
2275056 2275833 1
2275833 2276610 1
2276610 2277387 1
2277387 2278164 1
2278164 2278941 1
2278941 2279718 1
2279718 2280495 1
2280495 2281272 1
2281272 2282049 1
2282049 2282826 1
2282826 2283603 1
2283603 2284380 1
2284380 2285157 1
2285157 2285934 1
2285934 2286711 1
2286711 2287488 1
2287488 2288265 1
2288265 2289042 1
2289042 2289819 1
2289819 2290596 1
2290596 2291373 1
2291373 2292150 1
2292150 2292927 1
2292927 2293704 1
2293704 2294481 1
2294481 2295258 1
2295258 2296035 1
2296035 2296812 1
2296812 2297589 1
2297589 2298366 1
2298366 2299143 1
2299143 2299920 1
2299920 2300697 1
2300697 2301474 1
2301474 2302251 1
2302251 2303028 1
2303028 2303805 1
2303805 2304582 1
2304582 2305359 1
2305359 2306136 1
2306136 2306913 1
2306913 2307690 1
2307690 2308467 1
2308467 2309244 1
2309244 2310021 1
2310021 2310798 1
2310798 2311575 1
2311575 2312352 1
2312352 2313129 1
2313129 2313906 1
2313906 2314683 1
2314683 2315460 1
2315460 2316237 1
2316237 2317014 1
2317014 2317791 1
2317791 2318568 1
2318568 2319345 1
2319345 2320122 1
2320122 2320899 1
2320899 2321676 1
2321676 2322453 1
2322453 2323230 1
2323230 2324007 1
2324007 2324784 1
2324784 2325561 1
2325561 2326338 1
2326338 2327115 1
2327115 2327892 1
2327892 2328669 1
2328669 2329446 1
2329446 2330223 1
2330223 2331000 1
2331000 2331777 1
2331777 2332554 1
2332554 2333331 1
2333331 2334108 1
2334108 2334885 1
2334885 2335662 1
2335662 2336439 1
2336439 2337216 1
2337216 2337993 1
2337993 2338770 1
2338770 2339547 1
2339547 2340324 1
2340324 2341101 1
2341101 2341878 1
2341878 2342655 1
2342655 2343432 1
2343432 2344209 1
2344209 2344986 1
2344986 2345763 1
2345763 2346540 1
2346540 2347317 1
2347317 2348094 1
2348094 2348871 1
2348871 2349648 1
2349648 2350425 1
2350425 2351202 1
2351202 2351979 1
2351979 2352756 1
2352756 2353533 1
2353533 2354310 1
2354310 2355087 1
2355087 2355864 1
2355864 2356641 1
2356641 2357418 1
2357418 2358195 1
2358195 2358972 1
2358972 2359749 1
2359749 2360526 1
2360526 2361303 1
2361303 2362080 1
2362080 2362857 1
2362857 2363634 1
2363634 2364411 1
2364411 2365188 1
2365188 2365965 1
2365965 2366742 1
2366742 2367519 1
2367519 2368296 1
2368296 2369073 1
2369073 2369850 1
2369850 2370627 1
2370627 2371404 1
2371404 2372181 1
2372181 2372958 1
2372958 2373735 1
2373735 2374512 1
2374512 2375289 1
2375289 2376066 1
2376066 2376843 1
2376843 2377620 1
2377620 2378397 1
2378397 2379174 1
2379174 2379951 1
2379951 2380728 1
2380728 2381505 1
2381505 2382282 1
2382282 2383059 1
2383059 2383836 1
2383836 2384613 1
2384613 2385390 1
2385390 2386167 1
2386167 2386944 1
2386944 2387721 1
2387721 2388498 1
2388498 2389275 1
2389275 2390052 1
2390052 2390829 1
2390829 2391606 1
2391606 2392383 1
2392383 2393160 1
2393160 2393937 1
2393937 2394714 1
2394714 2395491 1
2395491 2396268 1
2396268 2397045 1
2397045 2397822 1
2397822 2398599 1
2398599 2399376 1
2399376 2400153 1
2400153 2400930 1
2400930 2401707 1
2401707 2402484 1
2402484 2403261 1
2403261 2404038 1
2404038 2404815 1
2404815 2405592 1
2405592 2406369 1
2406369 2407146 1
2407146 2407923 1
2407923 2408700 1
2408700 2409477 1
2409477 2410254 1
2410254 2411031 1
2411031 2411808 1
2411808 2412585 1
2412585 2413362 1
2413362 2414139 1
2414139 2414916 1
2414916 2415693 1
2415693 2416470 1
2416470 2417247 1
2417247 2418024 1
2418024 2418801 1
2418801 2419578 1
2419578 2420355 1
2420355 2421132 1
2421132 2421909 1
2421909 2422686 1
2422686 2423463 1
2423463 2424240 1
2424240 2425017 1
2425017 2425794 1
2425794 2426571 1
2426571 2427348 1
2427348 2428125 1
2428125 2428902 1
2428902 2429679 1
2429679 2430456 1
2430456 2431233 1
2431233 2432010 1
2432010 2432787 1
2432787 2433564 1
2433564 2434341 1
2434341 2435118 1
2435118 2435895 1
2435895 2436672 1
2436672 2437449 1
2437449 2438226 1
2438226 2439003 1
2439003 2439780 1
2439780 2440557 1
2440557 2441334 1
2441334 2442111 1
2442111 2442888 1
2442888 2443665 1
2443665 2444442 1
2444442 2445219 1
2445219 2445996 1
2445996 2446773 1
2446773 2447550 1
2447550 2448327 1
2448327 2449104 1
2449104 2449881 1
2449881 2450658 1
2450658 2451435 1
2451435 2452212 1
2452212 2452989 1
2452989 2453766 1
2453766 2454543 1
2454543 2455320 1
2455320 2456097 1
2456097 2456874 1
2456874 2457651 1
2457651 2458428 1
2458428 2459205 1
2459205 2459982 1
2459982 2460759 1
2460759 2461536 1
2461536 2462313 1
2462313 2463090 1
2463090 2463867 1
2463867 2464644 1
2464644 2465421 1
2465421 2466198 1
2466198 2466975 1
2466975 2467752 1
2467752 2468529 1
2468529 2469306 1
2469306 2470083 1
2470083 2470860 1
2470860 2471637 1
2471637 2472414 1
2472414 2473191 1
2473191 2473968 1
2473968 2474745 1
2474745 2475522 1
2475522 2476299 1
2476299 2477076 1
2477076 2477853 1
2477853 2478630 1
2478630 2479407 1
2479407 2480184 1
2480184 2480961 1
2480961 2481738 1
2481738 2482515 1
2482515 2483292 1
2483292 2484069 1
2484069 2484846 1
2484846 2485623 1
2485623 2486400 1
2486400 2487177 1
2487177 2487954 1
2487954 2488731 1
2488731 2489508 1
2489508 2490285 1
2490285 2491062 1
2491062 2491839 1
2491839 2492616 1
2492616 2493393 1
2493393 2494170 1
2494170 2494947 1
2494947 2495724 1
2495724 2496501 1
2496501 2497278 1
2497278 2498055 1
2498055 2498832 1
2498832 2499609 1
2499609 2500386 1
2500386 2501163 1
2501163 2501940 1
2501940 2502717 1
2502717 2503494 1
2503494 2504271 1
2504271 2505048 1
2505048 2505825 1
2505825 2506602 1
2506602 2507379 1
2507379 2508156 1
2508156 2508933 1
2508933 2509710 1
2509710 2510487 1
2510487 2511264 1
2511264 2512041 1
2512041 2512818 1
2512818 2513595 1
2513595 2514372 1
2514372 2515149 1
2515149 2515926 1
2515926 2516703 1
2516703 2517480 1
2517480 2518257 1
2518257 2519034 1
2519034 2519811 1
2519811 2520588 1
2520588 2521365 1
2521365 2522142 1
2522142 2522919 1
2522919 2523696 1
2523696 2524473 1
2524473 2525250 1
2525250 2526027 1
2526027 2526804 1
2526804 2527581 1
2527581 2528358 1
2528358 2529135 1
2529135 2529912 1
2529912 2530689 1
2530689 2531466 1
2531466 2532243 1
2532243 2533020 1
2533020 2533797 1
2533797 2534574 1
2534574 2535351 1
2535351 2536128 1
2536128 2536905 1
2536905 2537682 1
2537682 2538459 1
2538459 2539236 1
2539236 2540013 1
2540013 2540790 1
2540790 2541567 1
2541567 2542344 1
2542344 2543121 1
2543121 2543898 1
2543898 2544675 1
2544675 2545452 1
2545452 2546229 1
2546229 2547006 1
2547006 2547783 1
2547783 2548560 1
2548560 2549337 1
2549337 2550114 1
2550114 2550891 1
2550891 2551668 1
2551668 2552445 1
2552445 2553222 1
2553222 2553999 1
2553999 2554776 1
2554776 2555553 1
2555553 2556330 1
2556330 2557107 1
2557107 2557884 1
2557884 2558661 1
2558661 2559438 1
2559438 2560215 1
2560215 2560992 1
2560992 2561769 1
2561769 2562546 1
2562546 2563323 1
2563323 2564100 1
2564100 2564877 1
2564877 2565654 1
2565654 2566431 1
2566431 2567208 1
2567208 2567985 1
2567985 2568762 1
2568762 2569539 1
2569539 2570316 1
2570316 2571093 1
2571093 2571870 1
2571870 2572647 1
2572647 2573424 1
2573424 2574201 1
2574201 2574978 1
2574978 2575755 1
2575755 2576532 1
2576532 2577309 1
2577309 2578086 1
2578086 2578863 1
2578863 2579640 1
2579640 2580417 1
2580417 2581194 1
2581194 2581971 1
2581971 2582748 1
2582748 2583525 1
2583525 2584302 1
2584302 2585079 1
2585079 2585856 1
2585856 2586633 1
2586633 2587410 1
2587410 2588187 1
2588187 2588964 1
2588964 2589741 1
2589741 2590518 1
2590518 2591295 1
2591295 2592072 1
2592072 2592849 1
2592849 2593626 1
2593626 2594403 1
2594403 2595180 1
2595180 2595957 1
2595957 2596734 1
2596734 2597511 1
2597511 2598288 1
2598288 2599065 1
2599065 2599842 1
2599842 2600619 1
2600619 2601396 1
2601396 2602173 1
2602173 2602950 1
2602950 2603727 1
2603727 2604504 1
2604504 2605281 1
2605281 2606058 1
2606058 2606835 1
2606835 2607612 1
2607612 2608389 1
2608389 2609166 1
2609166 2609943 1
2609943 2610720 1
2610720 2611497 1
2611497 2612274 1
2612274 2613051 1
2613051 2613828 1
2613828 2614605 1
2614605 2615382 1
2615382 2616159 1
2616159 2616936 1
2616936 2617713 1
2617713 2618490 1
2618490 2619267 1
2619267 2620044 1
2620044 2620821 1
2620821 2621598 1
2621598 2622375 1
2622375 2623152 1
2623152 2623929 1
2623929 2624706 1
2624706 2625483 1
2625483 2626260 1
2626260 2627037 1
2627037 2627814 1
2627814 2628591 1
2628591 2629368 1
2629368 2630145 1
2630145 2630922 1
2630922 2631699 1
2631699 2632476 1
2632476 2633253 1
2633253 2634030 1
2634030 2634807 1
2634807 2635584 1
2635584 2636361 1
2636361 2637138 1
2637138 2637915 1
2637915 2638692 1
2638692 2639469 1
2639469 2640246 1
2640246 2641023 1
2641023 2641800 1
2641800 2642577 1
2642577 2643354 1
2643354 2644131 1
2644131 2644908 1
2644908 2645685 1
2645685 2646462 1
2646462 2647239 1
2647239 2648016 1
2648016 2648793 1
2648793 2649570 1
2649570 2650347 1
2650347 2651124 1
2651124 2651901 1
2651901 2652678 1
2652678 2653455 1
2653455 2654232 1
2654232 2655009 1
2655009 2655786 1
2655786 2656563 1
2656563 2657340 1
2657340 2658117 1
2658117 2658894 1
2658894 2659671 1
2659671 2660448 1
2660448 2661225 1
2661225 2662002 1
2662002 2662779 1
2662779 2663556 1
2663556 2664333 1
2664333 2665110 1
2665110 2665887 1
2665887 2666664 1
2666664 2667441 1
2667441 2668218 1
2668218 2668995 1
2668995 2669772 1
2669772 2670549 1
2670549 2671326 1
2671326 2672103 1
2672103 2672880 1
2672880 2673657 1
2673657 2674434 1
2674434 2675211 1
2675211 2675988 1
2675988 2676765 1
2676765 2677542 1
2677542 2678319 1
2678319 2679096 1
2679096 2679873 1
2679873 2680650 1
2680650 2681427 1
2681427 2682204 1
2682204 2682981 1
2682981 2683758 1
2683758 2684535 1
2684535 2685312 1
2685312 2686089 1
2686089 2686866 1
2686866 2687643 1
2687643 2688420 1
2688420 2689197 1
2689197 2689974 1
2689974 2690751 1
2690751 2691528 1
2691528 2692305 1
2692305 2693082 1
2693082 2693859 1
2693859 2694636 1
2694636 2695413 1
2695413 2696190 1
2696190 2696967 1
2696967 2697744 1
2697744 2698521 1
2698521 2699298 1
2699298 2700075 1
2700075 2700852 1
2700852 2701629 1
2701629 2702406 1
2702406 2703183 1
2703183 2703960 1
2703960 2704737 1
2704737 2705514 1
2705514 2706291 1
2706291 2707068 1
2707068 2707845 1
2707845 2708622 1
2708622 2709399 1
2709399 2710176 1
2710176 2710953 1
2710953 2711730 1
2711730 2712507 1
2712507 2713284 1
2713284 2714061 1
2714061 2714838 1
2714838 2715615 1
2715615 2716392 1
2716392 2717169 1
2717169 2717946 1
2717946 2718723 1
2718723 2719500 1
2719500 2720277 1
2720277 2721054 1
2721054 2721831 1
2721831 2722608 1
2722608 2723385 1
2723385 2724162 1
2724162 2724939 1
2724939 2725716 1
2725716 2726493 1
2726493 2727270 1
2727270 2728047 1
2728047 2728824 1
2728824 2729601 1
2729601 2730378 1
2730378 2731155 1
2731155 2731932 1
2731932 2732709 1
2732709 2733486 1
2733486 2734263 1
2734263 2735040 1
2735040 2735817 1
2735817 2736594 1
2736594 2737371 1
2737371 2738148 1
2738148 2738925 1
2738925 2739702 1
2739702 2740479 1
2740479 2741256 1
2741256 2742033 1
2742033 2742810 1
2742810 2743587 1
2743587 2744364 1
2744364 2745141 1
2745141 2745918 1
2745918 2746695 1
2746695 2747472 1
2747472 2748249 1
2748249 2749026 1
2749026 2749803 1
2749803 2750580 1
2750580 2751357 1
2751357 2752134 1
2752134 2752911 1
2752911 2753688 1
2753688 2754465 1
2754465 2755242 1
2755242 2756019 1
2756019 2756796 1
2756796 2757573 1
2757573 2758350 1
2758350 2759127 1
2759127 2759904 1
2759904 2760681 1
2760681 2761458 1
2761458 2762235 1
2762235 2763012 1
2763012 2763789 1
2763789 2764566 1
2764566 2765343 1
2765343 2766120 1
2766120 2766897 1
2766897 2767674 1
2767674 2768451 1
2768451 2769228 1
2769228 2770005 1
2770005 2770782 1
2770782 2771559 1
2771559 2772336 1
2772336 2773113 1
2773113 2773890 1
2773890 2774667 1
2774667 2775444 1
2775444 2776221 1
2776221 2776998 1
2776998 2777775 1
2777775 2778552 1
2778552 2779329 1
2779329 2780106 1
2780106 2780883 1
2780883 2781660 1
2781660 2782437 1
2782437 2783214 1
2783214 2783991 1
2783991 2784768 1
2784768 2785545 1
2785545 2786322 1
2786322 2787099 1
2787099 2787876 1
2787876 2788653 1
2788653 2789430 1
2789430 2790207 1
2790207 2790984 1
2790984 2791761 1
2791761 2792538 1
2792538 2793315 1
2793315 2794092 1
2794092 2794869 1
2794869 2795646 1
2795646 2796423 1
2796423 2797200 1
2797200 2797977 1
2797977 2798754 1
2798754 2799531 1
2799531 2800308 1
2800308 2801085 1
2801085 2801862 1
2801862 2802639 1
2802639 2803416 1
2803416 2804193 1
2804193 2804970 1
2804970 2805747 1
2805747 2806524 1
2806524 2807301 1
2807301 2808078 1
2808078 2808855 1
2808855 2809632 1
2809632 2810409 1
2810409 2811186 1
2811186 2811963 1
2811963 2812740 1
2812740 2813517 1
2813517 2814294 1
2814294 2815071 1
2815071 2815848 1
2815848 2816625 1
2816625 2817402 1
2817402 2818179 1
2818179 2818956 1
2818956 2819733 1
2819733 2820510 1
2820510 2821287 1
2821287 2822064 1
2822064 2822841 1
2822841 2823618 1
2823618 2824395 1
2824395 2825172 1
2825172 2825949 1
2825949 2826726 1
2826726 2827503 1
2827503 2828280 1
2828280 2829057 1
2829057 2829834 1
2829834 2830611 1
2830611 2831388 1
2831388 2832165 1
2832165 2832942 1
2832942 2833719 1
2833719 2834496 1
2834496 2835273 1
2835273 2836050 1
2836050 2836827 1
2836827 2837604 1
2837604 2838381 1
2838381 2839158 1
2839158 2839935 1
2839935 2840712 1
2840712 2841489 1
2841489 2842266 1
2842266 2843043 1
2843043 2843820 1
2843820 2844597 1
2844597 2845374 1
2845374 2846151 1
2846151 2846928 1
2846928 2847705 1
2847705 2848482 1
2848482 2849259 1
2849259 2850036 1
2850036 2850813 1
2850813 2851590 1
2851590 2852367 1
2852367 2853144 1
2853144 2853921 1
2853921 2854698 1
2854698 2855475 1
2855475 2856252 1
2856252 2857029 1
2857029 2857806 1
2857806 2858583 1
2858583 2859360 1
2859360 2860137 1
2860137 2860914 1
2860914 2861691 1
2861691 2862468 1
2862468 2863245 1
2863245 2864022 1
2864022 2864799 1
2864799 2865576 1
2865576 2866353 1
2866353 2867130 1
2867130 2867907 1
2867907 2868684 1
2868684 2869461 1
2869461 2870238 1
2870238 2871015 1
2871015 2871792 1
2871792 2872569 1
2872569 2873346 1
2873346 2874123 1
2874123 2874900 1
2874900 2875677 1
2875677 2876454 1
2876454 2877231 1
2877231 2878008 1
2878008 2878785 1
2878785 2879562 1
2879562 2880339 1
2880339 2881116 1
2881116 2881893 1
2881893 2882670 1
2882670 2883447 1
2883447 2884224 1
2884224 2885001 1
2885001 2885778 1
2885778 2886555 1
2886555 2887332 1
2887332 2888109 1
2888109 2888886 1
2888886 2889663 1
2889663 2890440 1
2890440 2891217 1
2891217 2891994 1
2891994 2892771 1
2892771 2893548 1
2893548 2894325 1
2894325 2895102 1
2895102 2895879 1
2895879 2896656 1
2896656 2897433 1
2897433 2898210 1
2898210 2898987 1
2898987 2899764 1
2899764 2900541 1
2900541 2901318 1
2901318 2902095 1
2902095 2902872 1
2902872 2903649 1
2903649 2904426 1
2904426 2905203 1
2905203 2905980 1
2905980 2906757 1
2906757 2907534 1
2907534 2908311 1
2908311 2909088 1
2909088 2909865 1
2909865 2910642 1
2910642 2911419 1
2911419 2912196 1
2912196 2912973 1
2912973 2913750 1
2913750 2914527 1
2914527 2915304 1
2915304 2916081 1
2916081 2916858 1
2916858 2917635 1
2917635 2918412 1
2918412 2919189 1
2919189 2919966 1
2919966 2920743 1
2920743 2921520 1
2921520 2922297 1
2922297 2923074 1
2923074 2923851 1
2923851 2924628 1
2924628 2925405 1
2925405 2926182 1
2926182 2926959 1
2926959 2927736 1
2927736 2928513 1
2928513 2929290 1
2929290 2930067 1
2930067 2930844 1
2930844 2931621 1
2931621 2932398 1
2932398 2933175 1
2933175 2933952 1
2933952 2934729 1
2934729 2935506 1
2935506 2936283 1
2936283 2937060 1
2937060 2937837 1
2937837 2938614 1
2938614 2939391 1
2939391 2940168 1
2940168 2940945 1
2940945 2941722 1
2941722 2942499 1
2942499 2943276 1
2943276 2944053 1
2944053 2944830 1
2944830 2945607 1
2945607 2946384 1
2946384 2947161 1
2947161 2947938 1
2947938 2948715 1
2948715 2949492 1
2949492 2950269 1
2950269 2951046 1
2951046 2951823 1
2951823 2952600 1
2952600 2953377 1
2953377 2954154 1
2954154 2954931 1
2954931 2955708 1
2955708 2956485 1
2956485 2957262 1
2957262 2958039 1
2958039 2958816 1
2958816 2959593 1
2959593 2960370 1
2960370 2961147 1
2961147 2961924 1
2961924 2962701 1
2962701 2963478 1
2963478 2964255 1
2964255 2965032 1
2965032 2965809 1
2965809 2966586 1
2966586 2967363 1
2967363 2968140 1
2968140 2968917 1
2968917 2969694 1
2969694 2970471 1
2970471 2971248 1
2971248 2972025 1
2972025 2972802 1
2972802 2973579 1
2973579 2974356 1
2974356 2975133 1
2975133 2975910 1
2975910 2976687 1
2976687 2977464 1
2977464 2978241 1
2978241 2979018 1
2979018 2979795 1
2979795 2980572 1
2980572 2981349 1
2981349 2982126 1
2982126 2982903 1
2982903 2983680 1
2983680 2984457 1
2984457 2985234 1
2985234 2986011 1
2986011 2986788 1
2986788 2987565 1
2987565 2988342 1
2988342 2989119 1
2989119 2989896 1
2989896 2990673 1
2990673 2991450 1
2991450 2992227 1
2992227 2993004 1
2993004 2993781 1
2993781 2994558 1
2994558 2995335 1
2995335 2996112 1
2996112 2996889 1
2996889 2997666 1
2997666 2998443 1
2998443 2999220 1
2999220 2999997 1
2999997 3000774 1
3000774 3001551 1
3001551 3002328 1
3002328 3003105 1
3003105 3003882 1
3003882 3004659 1
3004659 3005436 1
3005436 3006213 1
3006213 3006990 1
3006990 3007767 1
3007767 3008544 1
3008544 3009321 1
3009321 3010098 1
3010098 3010875 1
3010875 3011652 1
3011652 3012429 1
3012429 3013206 1
3013206 3013983 1
3013983 3014760 1
3014760 3015537 1
3015537 3016314 1
3016314 3017091 1
3017091 3017868 1
3017868 3018645 1
3018645 3019422 1
3019422 3020199 1
3020199 3020976 1
3020976 3021753 1
3021753 3022530 1
3022530 3023307 1
3023307 3024084 1
3024084 3024861 1
3024861 3025638 1
3025638 3026415 1
3026415 3027192 1
3027192 3027969 1
3027969 3028746 1
3028746 3029523 1
3029523 3030300 1
3030300 3031077 1
3031077 3031854 1
3031854 3032631 1
3032631 3033408 1
3033408 3034185 1
3034185 3034962 1
3034962 3035739 1
3035739 3036516 1
3036516 3037293 1
3037293 3038070 1
3038070 3038847 1
3038847 3039624 1
3039624 3040401 1
3040401 3041178 1
3041178 3041955 1
3041955 3042732 1
3042732 3043509 1
3043509 3044286 1
3044286 3045063 1
3045063 3045840 1
3045840 3046617 1
3046617 3047394 1
3047394 3048171 1
3048171 3048948 1
3048948 3049725 1
3049725 3050502 1
3050502 3051279 1
3051279 3052056 1
3052056 3052833 1
3052833 3053610 1
3053610 3054387 1
3054387 3055164 1
3055164 3055941 1
3055941 3056718 1
3056718 3057495 1
3057495 3058272 1
3058272 3059049 1
3059049 3059826 1
3059826 3060603 1
3060603 3061380 1
3061380 3062157 1
3062157 3062934 1
3062934 3063711 1
3063711 3064488 1
3064488 3065265 1
3065265 3066042 1
3066042 3066819 1
3066819 3067596 1
3067596 3068373 1
3068373 3069150 1
3069150 3069927 1
3069927 3070704 1
3070704 3071481 1
3071481 3072258 1
3072258 3073035 1
3073035 3073812 1
3073812 3074589 1
3074589 3075366 1
3075366 3076143 1
3076143 3076920 1
3076920 3077697 1
3077697 3078474 1
3078474 3079251 1
3079251 3080028 1
3080028 3080805 1
3080805 3081582 1
3081582 3082359 1
3082359 3083136 1
3083136 3083913 1
3083913 3084690 1
3084690 3085467 1
3085467 3086244 1
3086244 3087021 1
3087021 3087798 1
3087798 3088575 1
3088575 3089352 1
3089352 3090129 1
3090129 3090906 1
3090906 3091683 1
3091683 3092460 1
3092460 3093237 1
3093237 3094014 1
3094014 3094791 1
3094791 3095568 1
3095568 3096345 1
3096345 3097122 1
3097122 3097899 1
3097899 3098676 1
3098676 3099453 1
3099453 3100230 1
3100230 3101007 1
3101007 3101784 1
3101784 3102561 1
3102561 3103338 1
3103338 3104115 1
3104115 3104892 1
3104892 3105669 1
3105669 3106446 1
3106446 3107223 1
3107223 3108000 1
3108000 3108777 1
3108777 3109554 1
3109554 3110331 1
3110331 3111108 1
3111108 3111885 1
3111885 3112662 1
3112662 3113439 1
3113439 3114216 1
3114216 3114993 1
3114993 3115770 1
3115770 3116547 1
3116547 3117324 1
3117324 3118101 1
3118101 3118878 1
3118878 3119655 1
3119655 3120432 1
3120432 3121209 1
3121209 3121986 1
3121986 3122763 1
3122763 3123540 1
3123540 3124317 1
3124317 3125094 1
3125094 3125871 1
3125871 3126648 1
3126648 3127425 1
3127425 3128202 1
3128202 3128979 1
3128979 3129756 1
3129756 3130533 1
3130533 3131310 1
3131310 3132087 1
3132087 3132864 1
3132864 3133641 1
3133641 3134418 1
3134418 3135195 1
3135195 3135972 1
3135972 3136749 1
3136749 3137526 1
3137526 3138303 1
3138303 3139080 1
3139080 3139857 1
3139857 3140634 1
3140634 3141411 1
3141411 3142188 1
3142188 3142965 1
3142965 3143742 1
3143742 3144519 1
3144519 3145296 1
3145296 3146073 1
3146073 3146850 1
3146850 3147627 1
3147627 3148404 1
3148404 3149181 1
3149181 3149958 1
3149958 3150735 1
3150735 3151512 1
3151512 3152289 1
3152289 3153066 1
3153066 3153843 1
3153843 3154620 1
3154620 3155397 1
3155397 3156174 1
3156174 3156951 1
3156951 3157728 1
3157728 3158505 1
3158505 3159282 1
3159282 3160059 1
3160059 3160836 1
3160836 3161613 1
3161613 3162390 1
3162390 3163167 1
3163167 3163944 1
3163944 3164721 1
3164721 3165498 1
3165498 3166275 1
3166275 3167052 1
3167052 3167829 1
3167829 3168606 1
3168606 3169383 1
3169383 3170160 1
3170160 3170937 1
3170937 3171714 1
3171714 3172491 1
3172491 3173268 1
3173268 3174045 1
3174045 3174822 1
3174822 3175599 1
3175599 3176376 1
3176376 3177153 1
3177153 3177930 1
3177930 3178707 1
3178707 3179484 1
3179484 3180261 1
3180261 3181038 1
3181038 3181815 1
3181815 3182592 1
3182592 3183369 1
3183369 3184146 1
3184146 3184923 1
3184923 3185700 1
3185700 3186477 1
3186477 3187254 1
3187254 3188031 1
3188031 3188808 1
3188808 3189585 1
3189585 3190362 1
3190362 3191139 1
3191139 3191916 1
3191916 3192693 1
3192693 3193470 1
3193470 3194247 1
3194247 3195024 1
3195024 3195801 1
3195801 3196578 1
3196578 3197355 1
3197355 3198132 1
3198132 3198909 1
3198909 3199686 1
3199686 3200463 1
3200463 3201240 1
3201240 3202017 1
3202017 3202794 1
3202794 3203571 1
3203571 3204348 1
3204348 3205125 1
3205125 3205902 1
3205902 3206679 1
3206679 3207456 1
3207456 3208233 1
3208233 3209010 1
3209010 3209787 1
3209787 3210564 1
3210564 3211341 1
3211341 3212118 1
3212118 3212895 1
3212895 3213672 1
3213672 3214449 1
3214449 3215226 1
3215226 3216003 1
3216003 3216780 1
3216780 3217557 1
3217557 3218334 1
3218334 3219111 1
3219111 3219888 1
3219888 3220665 1
3220665 3221442 1
3221442 3222219 1
3222219 3222996 1
3222996 3223773 1
3223773 3224550 1
3224550 3225327 1
3225327 3226104 1
3226104 3226881 1
3226881 3227658 1
3227658 3228435 1
3228435 3229212 1
3229212 3229989 1
3229989 3230766 1
3230766 3231543 1
3231543 3232320 1
3232320 3233097 1
3233097 3233874 1
3233874 3234651 1
3234651 3235428 1
3235428 3236205 1
3236205 3236982 1
3236982 3237759 1
3237759 3238536 1
3238536 3239313 1
3239313 3240090 1
3240090 3240867 1
3240867 3241644 1
3241644 3242421 1
3242421 3243198 1
3243198 3243975 1
3243975 3244752 1
3244752 3245529 1
3245529 3246306 1
3246306 3247083 1
3247083 3247860 1
3247860 3248637 1
3248637 3249414 1
3249414 3250191 1
3250191 3250968 1
3250968 3251745 1
3251745 3252522 1
3252522 3253299 1
3253299 3254076 1
3254076 3254853 1
3254853 3255630 1
3255630 3256407 1
3256407 3257184 1
3257184 3257961 1
3257961 3258738 1
3258738 3259515 1
3259515 3260292 1
3260292 3261069 1
3261069 3261846 1
3261846 3262623 1
3262623 3263400 1
3263400 3264177 1
3264177 3264954 1
3264954 3265731 1
3265731 3266508 1
3266508 3267285 1
3267285 3268062 1
3268062 3268839 1
3268839 3269616 1
3269616 3270393 1
3270393 3271170 1
3271170 3271947 1
3271947 3272724 1
3272724 3273501 1
3273501 3274278 1
3274278 3275055 1
3275055 3275832 1
3275832 3276609 1
3276609 3277386 1
3277386 3278163 1
3278163 3278940 1
3278940 3279717 1
3279717 3280494 1
3280494 3281271 1
3281271 3282048 1
3282048 3282825 1
3282825 3283602 1
3283602 3284379 1
3284379 3285156 1
3285156 3285933 1
3285933 3286710 1
3286710 3287487 1
3287487 3288264 1
3288264 3289041 1
3289041 3289818 1
3289818 3290595 1
3290595 3291372 1
3291372 3292149 1
3292149 3292926 1
3292926 3293703 1
3293703 3294480 1
3294480 3295257 1
3295257 3296034 1
3296034 3296811 1
3296811 3297588 1
3297588 3298365 1
3298365 3299142 1
3299142 3299919 1
3299919 3300696 1
3300696 3301473 1
3301473 3302250 1
3302250 3303027 1
3303027 3303804 1
3303804 3304581 1
3304581 3305358 1
3305358 3306135 1
3306135 3306912 1
3306912 3307689 1
3307689 3308466 1
3308466 3309243 1
3309243 3310020 1
3310020 3310797 1
3310797 3311574 1
3311574 3312351 1
3312351 3313128 1
3313128 3313905 1
3313905 3314682 1
3314682 3315459 1
3315459 3316236 1
3316236 3317013 1
3317013 3317790 1
3317790 3318567 1
3318567 3319344 1
3319344 3320121 1
3320121 3320898 1
3320898 3321675 1
3321675 3322452 1
3322452 3323229 1
3323229 3324006 1
3324006 3324783 1
3324783 3325560 1
3325560 3326337 1
3326337 3327114 1
3327114 3327891 1
3327891 3328668 1
3328668 3329445 1
3329445 3330222 1
3330222 3330999 1
3330999 3331776 1
3331776 3332553 1
3332553 3333330 1
3333330 3334107 1
3334107 3334884 1
3334884 3335661 1
3335661 3336438 1
3336438 3337215 1
3337215 3337992 1
3337992 3338769 1
3338769 3339546 1
3339546 3340323 1
3340323 3341100 1
3341100 3341877 1
3341877 3342654 1
3342654 3343431 1
3343431 3344208 1
3344208 3344985 1
3344985 3345762 1
3345762 3346539 1
3346539 3347316 1
3347316 3348093 1
3348093 3348870 1
3348870 3349647 1
3349647 3350424 1
3350424 3351201 1
3351201 3351978 1
3351978 3352755 1
3352755 3353532 1
3353532 3354309 1
3354309 3355086 1
3355086 3355863 1
3355863 3356640 1
3356640 3357417 1
3357417 3358194 1
3358194 3358971 1
3358971 3359748 1
3359748 3360525 1
3360525 3361302 1
3361302 3362079 1
3362079 3362856 1
3362856 3363633 1
3363633 3364410 1
3364410 3365187 1
3365187 3365964 1
3365964 3366741 1
3366741 3367518 1
3367518 3368295 1
3368295 3369072 1
3369072 3369849 1
3369849 3370626 1
3370626 3371403 1
3371403 3372180 1
3372180 3372957 1
3372957 3373734 1
3373734 3374511 1
3374511 3375288 1
3375288 3376065 1
3376065 3376842 1
3376842 3377619 1
3377619 3378396 1
3378396 3379173 1
3379173 3379950 1
3379950 3380727 1
3380727 3381504 1
3381504 3382281 1
3382281 3383058 1
3383058 3383835 1
3383835 3384612 1
3384612 3385389 1
3385389 3386166 1
3386166 3386943 1
3386943 3387720 1
3387720 3388497 1
3388497 3389274 1
3389274 3390051 1
3390051 3390828 1
3390828 3391605 1
3391605 3392382 1
3392382 3393159 1
3393159 3393936 1
3393936 3394713 1
3394713 3395490 1
3395490 3396267 1
3396267 3397044 1
3397044 3397821 1
3397821 3398598 1
3398598 3399375 1
3399375 3400152 1
3400152 3400929 1
3400929 3401706 1
3401706 3402483 1
3402483 3403260 1
3403260 3404037 1
3404037 3404814 1
3404814 3405591 1
3405591 3406368 1
3406368 3407145 1
3407145 3407922 1
3407922 3408699 1
3408699 3409476 1
3409476 3410253 1
3410253 3411030 1
3411030 3411807 1
3411807 3412584 1
3412584 3413361 1
3413361 3414138 1
3414138 3414915 1
3414915 3415692 1
3415692 3416469 1
3416469 3417246 1
3417246 3418023 1
3418023 3418800 1
3418800 3419577 1
3419577 3420354 1
3420354 3421131 1
3421131 3421908 1
3421908 3422685 1
3422685 3423462 1
3423462 3424239 1
3424239 3425016 1
3425016 3425793 1
3425793 3426570 1
3426570 3427347 1
3427347 3428124 1
3428124 3428901 1
3428901 3429678 1
3429678 3430455 1
3430455 3431232 1
3431232 3432009 1
3432009 3432786 1
3432786 3433563 1
3433563 3434340 1
3434340 3435117 1
3435117 3435894 1
3435894 3436671 1
3436671 3437448 1
3437448 3438225 1
3438225 3439002 1
3439002 3439779 1
3439779 3440556 1
3440556 3441333 1
3441333 3442110 1
3442110 3442887 1
3442887 3443664 1
3443664 3444441 1
3444441 3445218 1
3445218 3445995 1
3445995 3446772 1
3446772 3447549 1
3447549 3448326 1
3448326 3449103 1
3449103 3449880 1
3449880 3450657 1
3450657 3451434 1
3451434 3452211 1
3452211 3452988 1
3452988 3453765 1
3453765 3454542 1
3454542 3455319 1
3455319 3456096 1
3456096 3456873 1
3456873 3457650 1
3457650 3458427 1
3458427 3459204 1
3459204 3459981 1
3459981 3460758 1
3460758 3461535 1
3461535 3462312 1
3462312 3463089 1
3463089 3463866 1
3463866 3464643 1
3464643 3465420 1
3465420 3466197 1
3466197 3466974 1
3466974 3467751 1
3467751 3468528 1
3468528 3469305 1
3469305 3470082 1
3470082 3470859 1
3470859 3471636 1
3471636 3472413 1
3472413 3473190 1
3473190 3473967 1
3473967 3474744 1
3474744 3475521 1
3475521 3476298 1
3476298 3477075 1
3477075 3477852 1
3477852 3478629 1
3478629 3479406 1
3479406 3480183 1
3480183 3480960 1
3480960 3481737 1
3481737 3482514 1
3482514 3483291 1
3483291 3484068 1
3484068 3484845 1
3484845 3485622 1
3485622 3486399 1
3486399 3487176 1
3487176 3487953 1
3487953 3488730 1
3488730 3489507 1
3489507 3490284 1
3490284 3491061 1
3491061 3491838 1
3491838 3492615 1
3492615 3493392 1
3493392 3494169 1
3494169 3494946 1
3494946 3495723 1
3495723 3496500 1
3496500 3497277 1
3497277 3498054 1
3498054 3498831 1
3498831 3499608 1
3499608 3500385 1
3500385 3501162 1
3501162 3501939 1
3501939 3502716 1
3502716 3503493 1
3503493 3504270 1
3504270 3505047 1
3505047 3505824 1
3505824 3506601 1
3506601 3507378 1
3507378 3508155 1
3508155 3508932 1
3508932 3509709 1
3509709 3510486 1
3510486 3511263 1
3511263 3512040 1
3512040 3512817 1
3512817 3513594 1
3513594 3514371 1
3514371 3515148 1
3515148 3515925 1
3515925 3516702 1
3516702 3517479 1
3517479 3518256 1
3518256 3519033 1
3519033 3519810 1
3519810 3520587 1
3520587 3521364 1
3521364 3522141 1
3522141 3522918 1
3522918 3523695 1
3523695 3524472 1
3524472 3525249 1
3525249 3526026 1
3526026 3526803 1
3526803 3527580 1
3527580 3528357 1
3528357 3529134 1
3529134 3529911 1
3529911 3530688 1
3530688 3531465 1
3531465 3532242 1
3532242 3533019 1
3533019 3533796 1
3533796 3534573 1
3534573 3535350 1
3535350 3536127 1
3536127 3536904 1
3536904 3537681 1
3537681 3538458 1
3538458 3539235 1
3539235 3540012 1
3540012 3540789 1
3540789 3541566 1
3541566 3542343 1
3542343 3543120 1
3543120 3543897 1
3543897 3544674 1
3544674 3545451 1
3545451 3546228 1
3546228 3547005 1
3547005 3547782 1
3547782 3548559 1
3548559 3549336 1
3549336 3550113 1
3550113 3550890 1
777 1554 2
3108 3885 2
5439 6216 2
7770 8547 2
10101 10878 2
12432 13209 2
14763 15540 2
17094 17871 2
19425 20202 2
21756 22533 2
24087 24864 2
26418 27195 2
28749 29526 2
31080 31857 2
33411 34188 2
35742 36519 2
38073 38850 2
40404 41181 2
42735 43512 2
45066 45843 2
47397 48174 2
49728 50505 2
52059 52836 2
54390 55167 2
56721 57498 2
59052 59829 2
61383 62160 2
63714 64491 2
66045 66822 2
68376 69153 2
70707 71484 2
73038 73815 2
75369 76146 2
77700 78477 2
80031 80808 2
82362 83139 2
84693 85470 2
87024 87801 2
89355 90132 2
91686 92463 2
94017 94794 2
96348 97125 2
98679 99456 2
101010 101787 2
103341 104118 2
105672 106449 2
108003 108780 2
110334 111111 2
112665 113442 2
114996 115773 2
117327 118104 2
119658 120435 2
121989 122766 2
124320 125097 2
126651 127428 2
128982 129759 2
131313 132090 2
133644 134421 2
135975 136752 2
138306 139083 2
140637 141414 2
142968 143745 2
145299 146076 2
147630 148407 2
149961 150738 2
152292 153069 2
154623 155400 2
156954 157731 2
159285 160062 2
161616 162393 2
163947 164724 2
166278 167055 2
168609 169386 2
170940 171717 2
173271 174048 2
175602 176379 2
177933 178710 2
180264 181041 2
182595 183372 2
184926 185703 2
187257 188034 2
189588 190365 2
191919 192696 2
194250 195027 2
196581 197358 2
198912 199689 2
201243 202020 2
203574 204351 2
205905 206682 2
208236 209013 2
210567 211344 2
212898 213675 2
215229 216006 2
217560 218337 2
219891 220668 2
222222 222999 2
224553 225330 2
226884 227661 2
229215 229992 2
231546 232323 2
233877 234654 2
236208 236985 2
238539 239316 2
240870 241647 2
243201 243978 2
245532 246309 2
247863 248640 2
250194 250971 2
252525 253302 2
254856 255633 2
257187 257964 2
259518 260295 2
261849 262626 2
264180 264957 2
266511 267288 2
268842 269619 2
271173 271950 2
273504 274281 2
275835 276612 2
278166 278943 2
280497 281274 2
282828 283605 2
285159 285936 2
287490 288267 2
289821 290598 2
292152 292929 2
294483 295260 2
296814 297591 2
299145 299922 2
301476 302253 2
303807 304584 2
306138 306915 2
308469 309246 2
310800 311577 2
313131 313908 2
315462 316239 2
317793 318570 2
320124 320901 2
322455 323232 2
324786 325563 2
327117 327894 2
329448 330225 2
331779 332556 2
334110 334887 2
336441 337218 2
338772 339549 2
341103 341880 2
343434 344211 2
345765 346542 2
348096 348873 2
350427 351204 2
352758 353535 2
355089 355866 2
357420 358197 2
359751 360528 2
362082 362859 2
364413 365190 2
366744 367521 2
369075 369852 2
371406 372183 2
373737 374514 2
376068 376845 2
378399 379176 2
380730 381507 2
383061 383838 2
385392 386169 2
387723 388500 2
390054 390831 2
392385 393162 2
394716 395493 2
397047 397824 2
399378 400155 2
401709 402486 2
404040 404817 2
406371 407148 2
408702 409479 2
411033 411810 2
413364 414141 2
415695 416472 2
418026 418803 2
420357 421134 2
422688 423465 2
425019 425796 2
427350 428127 2
429681 430458 2
432012 432789 2
434343 435120 2
436674 437451 2
439005 439782 2
441336 442113 2
443667 444444 2
445998 446775 2
448329 449106 2
450660 451437 2
452991 453768 2
455322 456099 2
457653 458430 2
459984 460761 2
462315 463092 2
464646 465423 2
466977 467754 2
469308 470085 2
471639 472416 2
473970 474747 2
476301 477078 2
478632 479409 2
480963 481740 2
483294 484071 2
485625 486402 2
487956 488733 2
490287 491064 2
492618 493395 2
494949 495726 2
497280 498057 2
499611 500388 2
501942 502719 2
504273 505050 2
506604 507381 2
508935 509712 2
511266 512043 2
513597 514374 2
515928 516705 2
518259 519036 2
520590 521367 2
522921 523698 2
525252 526029 2
527583 528360 2
529914 530691 2
532245 533022 2
534576 535353 2
536907 537684 2
539238 540015 2
541569 542346 2
543900 544677 2
546231 547008 2
548562 549339 2
550893 551670 2
553224 554001 2
555555 556332 2
557886 558663 2
560217 560994 2
562548 563325 2
564879 565656 2
567210 567987 2
569541 570318 2
571872 572649 2
574203 574980 2
576534 577311 2
578865 579642 2
581196 581973 2
583527 584304 2
585858 586635 2
588189 588966 2
590520 591297 2
592851 593628 2
595182 595959 2
597513 598290 2
599844 600621 2
602175 602952 2
604506 605283 2
606837 607614 2
609168 609945 2
611499 612276 2
613830 614607 2
616161 616938 2
618492 619269 2
620823 621600 2
623154 623931 2
625485 626262 2
627816 628593 2
630147 630924 2
632478 633255 2
634809 635586 2
637140 637917 2
639471 640248 2
641802 642579 2
644133 644910 2
646464 647241 2
648795 649572 2
651126 651903 2
653457 654234 2
655788 656565 2
658119 658896 2
660450 661227 2
662781 663558 2
665112 665889 2
667443 668220 2
669774 670551 2
672105 672882 2
674436 675213 2
676767 677544 2
679098 679875 2
681429 682206 2
683760 684537 2
686091 686868 2
688422 689199 2
690753 691530 2
693084 693861 2
695415 696192 2
697746 698523 2
700077 700854 2
702408 703185 2
704739 705516 2
707070 707847 2
709401 710178 2
711732 712509 2
714063 714840 2
716394 717171 2
718725 719502 2
721056 721833 2
723387 724164 2
725718 726495 2
728049 728826 2
730380 731157 2
732711 733488 2
735042 735819 2
737373 738150 2
739704 740481 2
742035 742812 2
744366 745143 2
746697 747474 2
749028 749805 2
751359 752136 2
753690 754467 2
756021 756798 2
758352 759129 2
760683 761460 2
763014 763791 2
765345 766122 2
767676 768453 2
770007 770784 2
772338 773115 2
774669 775446 2
777000 777777 2
779331 780108 2
781662 782439 2
783993 784770 2
786324 787101 2
788655 789432 2
790986 791763 2
793317 794094 2
795648 796425 2
797979 798756 2
800310 801087 2
802641 803418 2
804972 805749 2
807303 808080 2
809634 810411 2
811965 812742 2
814296 815073 2
816627 817404 2
818958 819735 2
821289 822066 2
823620 824397 2
825951 826728 2
828282 829059 2
830613 831390 2
832944 833721 2
835275 836052 2
837606 838383 2
839937 840714 2
842268 843045 2
844599 845376 2
846930 847707 2
849261 850038 2
851592 852369 2
853923 854700 2
856254 857031 2
858585 859362 2
860916 861693 2
863247 864024 2
865578 866355 2
867909 868686 2
870240 871017 2
872571 873348 2
874902 875679 2
877233 878010 2
879564 880341 2
881895 882672 2
884226 885003 2
886557 887334 2
888888 889665 2
891219 891996 2
893550 894327 2
895881 896658 2
898212 898989 2
900543 901320 2
902874 903651 2
905205 905982 2
907536 908313 2
909867 910644 2
912198 912975 2
914529 915306 2
916860 917637 2
919191 919968 2
921522 922299 2
923853 924630 2
926184 926961 2
928515 929292 2
930846 931623 2
933177 933954 2
935508 936285 2
937839 938616 2
940170 940947 2
942501 943278 2
944832 945609 2
947163 947940 2
949494 950271 2
951825 952602 2
954156 954933 2
956487 957264 2
958818 959595 2
961149 961926 2
963480 964257 2
965811 966588 2
968142 968919 2
970473 971250 2
972804 973581 2
975135 975912 2
977466 978243 2
979797 980574 2
982128 982905 2
984459 985236 2
986790 987567 2
989121 989898 2
991452 992229 2
993783 994560 2
996114 996891 2
998445 999222 2
1000776 1001553 2
777 1554 2
