5000
777 1554 1
1554 2331 1
3108 3885 1
3885 4662 1
5439 6216 1
6216 6993 1
7770 8547 1
8547 9324 1
10101 10878 1
10878 11655 1
12432 13209 1
13209 13986 1
14763 15540 1
15540 16317 1
17094 17871 1
17871 18648 1
19425 20202 1
20202 20979 1
21756 22533 1
22533 23310 1
24087 24864 1
24864 25641 1
26418 27195 1
27195 27972 1
28749 29526 1
29526 30303 1
31080 31857 1
31857 32634 1
33411 34188 1
34188 34965 1
35742 36519 1
36519 37296 1
38073 38850 1
38850 39627 1
40404 41181 1
41181 41958 1
42735 43512 1
43512 44289 1
45066 45843 1
45843 46620 1
47397 48174 1
48174 48951 1
49728 50505 1
50505 51282 1
52059 52836 1
52836 53613 1
54390 55167 1
55167 55944 1
56721 57498 1
57498 58275 1
59052 59829 1
59829 60606 1
61383 62160 1
62160 62937 1
63714 64491 1
64491 65268 1
66045 66822 1
66822 67599 1
68376 69153 1
69153 69930 1
70707 71484 1
71484 72261 1
73038 73815 1
73815 74592 1
75369 76146 1
76146 76923 1
77700 78477 1
78477 79254 1
80031 80808 1
80808 81585 1
82362 83139 1
83139 83916 1
84693 85470 1
85470 86247 1
87024 87801 1
87801 88578 1
89355 90132 1
90132 90909 1
91686 92463 1
92463 93240 1
94017 94794 1
94794 95571 1
96348 97125 1
97125 97902 1
98679 99456 1
99456 100233 1
101010 101787 1
101787 102564 1
103341 104118 1
104118 104895 1
105672 106449 1
106449 107226 1
108003 108780 1
108780 109557 1
110334 111111 1
111111 111888 1
112665 113442 1
113442 114219 1
114996 115773 1
115773 116550 1
117327 118104 1
118104 118881 1
119658 120435 1
120435 121212 1
121989 122766 1
122766 123543 1
124320 125097 1
125097 125874 1
126651 127428 1
127428 128205 1
128982 129759 1
129759 130536 1
131313 132090 1
132090 132867 1
133644 134421 1
134421 135198 1
135975 136752 1
136752 137529 1
138306 139083 1
139083 139860 1
140637 141414 1
141414 142191 1
142968 143745 1
143745 144522 1
145299 146076 1
146076 146853 1
147630 148407 1
148407 149184 1
149961 150738 1
150738 151515 1
152292 153069 1
153069 153846 1
154623 155400 1
155400 156177 1
156954 157731 1
157731 158508 1
159285 160062 1
160062 160839 1
161616 162393 1
162393 163170 1
163947 164724 1
164724 165501 1
166278 167055 1
167055 167832 1
168609 169386 1
169386 170163 1
170940 171717 1
171717 172494 1
173271 174048 1
174048 174825 1
175602 176379 1
176379 177156 1
177933 178710 1
178710 179487 1
180264 181041 1
181041 181818 1
182595 183372 1
183372 184149 1
184926 185703 1
185703 186480 1
187257 188034 1
188034 188811 1
189588 190365 1
190365 191142 1
191919 192696 1
192696 193473 1
194250 195027 1
195027 195804 1
196581 197358 1
197358 198135 1
198912 199689 1
199689 200466 1
201243 202020 1
202020 202797 1
203574 204351 1
204351 205128 1
205905 206682 1
206682 207459 1
208236 209013 1
209013 209790 1
210567 211344 1
211344 212121 1
212898 213675 1
213675 214452 1
215229 216006 1
216006 216783 1
217560 218337 1
218337 219114 1
219891 220668 1
220668 221445 1
222222 222999 1
222999 223776 1
224553 225330 1
225330 226107 1
226884 227661 1
227661 228438 1
229215 229992 1
229992 230769 1
231546 232323 1
232323 233100 1
233877 234654 1
234654 235431 1
236208 236985 1
236985 237762 1
238539 239316 1
239316 240093 1
240870 241647 1
241647 242424 1
243201 243978 1
243978 244755 1
245532 246309 1
246309 247086 1
247863 248640 1
248640 249417 1
250194 250971 1
250971 251748 1
252525 253302 1
253302 254079 1
254856 255633 1
255633 256410 1
257187 257964 1
257964 258741 1
259518 260295 1
260295 261072 1
261849 262626 1
262626 263403 1
264180 264957 1
264957 265734 1
266511 267288 1
267288 268065 1
268842 269619 1
269619 270396 1
271173 271950 1
271950 272727 1
273504 274281 1
274281 275058 1
275835 276612 1
276612 277389 1
278166 278943 1
278943 279720 1
280497 281274 1
281274 282051 1
282828 283605 1
283605 284382 1
285159 285936 1
285936 286713 1
287490 288267 1
288267 289044 1
289821 290598 1
290598 291375 1
292152 292929 1
292929 293706 1
294483 295260 1
295260 296037 1
296814 297591 1
297591 298368 1
299145 299922 1
299922 300699 1
301476 302253 1
302253 303030 1
303807 304584 1
304584 305361 1
306138 306915 1
306915 307692 1
308469 309246 1
309246 310023 1
310800 311577 1
311577 312354 1
313131 313908 1
313908 314685 1
315462 316239 1
316239 317016 1
317793 318570 1
318570 319347 1
320124 320901 1
320901 321678 1
322455 323232 1
323232 324009 1
324786 325563 1
325563 326340 1
327117 327894 1
327894 328671 1
329448 330225 1
330225 331002 1
331779 332556 1
332556 333333 1
334110 334887 1
334887 335664 1
336441 337218 1
337218 337995 1
338772 339549 1
339549 340326 1
341103 341880 1
341880 342657 1
343434 344211 1
344211 344988 1
345765 346542 1
346542 347319 1
348096 348873 1
348873 349650 1
350427 351204 1
351204 351981 1
352758 353535 1
353535 354312 1
355089 355866 1
355866 356643 1
357420 358197 1
358197 358974 1
359751 360528 1
360528 361305 1
362082 362859 1
362859 363636 1
364413 365190 1
365190 365967 1
366744 367521 1
367521 368298 1
369075 369852 1
369852 370629 1
371406 372183 1
372183 372960 1
373737 374514 1
374514 375291 1
376068 376845 1
376845 377622 1
378399 379176 1
379176 379953 1
380730 381507 1
381507 382284 1
383061 383838 1
383838 384615 1
385392 386169 1
386169 386946 1
387723 388500 1
388500 389277 1
390054 390831 1
390831 391608 1
392385 393162 1
393162 393939 1
394716 395493 1
395493 396270 1
397047 397824 1
397824 398601 1
399378 400155 1
400155 400932 1
401709 402486 1
402486 403263 1
404040 404817 1
404817 405594 1
406371 407148 1
407148 407925 1
408702 409479 1
409479 410256 1
411033 411810 1
411810 412587 1
413364 414141 1
414141 414918 1
415695 416472 1
416472 417249 1
418026 418803 1
418803 419580 1
420357 421134 1
421134 421911 1
422688 423465 1
423465 424242 1
425019 425796 1
425796 426573 1
427350 428127 1
428127 428904 1
429681 430458 1
430458 431235 1
432012 432789 1
432789 433566 1
434343 435120 1
435120 435897 1
436674 437451 1
437451 438228 1
439005 439782 1
439782 440559 1
441336 442113 1
442113 442890 1
443667 444444 1
444444 445221 1
445998 446775 1
446775 447552 1
448329 449106 1
449106 449883 1
450660 451437 1
451437 452214 1
452991 453768 1
453768 454545 1
455322 456099 1
456099 456876 1
457653 458430 1
458430 459207 1
459984 460761 1
460761 461538 1
462315 463092 1
463092 463869 1
464646 465423 1
465423 466200 1
466977 467754 1
467754 468531 1
469308 470085 1
470085 470862 1
471639 472416 1
472416 473193 1
473970 474747 1
474747 475524 1
476301 477078 1
477078 477855 1
478632 479409 1
479409 480186 1
480963 481740 1
481740 482517 1
483294 484071 1
484071 484848 1
485625 486402 1
486402 487179 1
487956 488733 1
488733 489510 1
490287 491064 1
491064 491841 1
492618 493395 1
493395 494172 1
494949 495726 1
495726 496503 1
497280 498057 1
498057 498834 1
499611 500388 1
500388 501165 1
501942 502719 1
502719 503496 1
504273 505050 1
505050 505827 1
506604 507381 1
507381 508158 1
508935 509712 1
509712 510489 1
511266 512043 1
512043 512820 1
513597 514374 1
514374 515151 1
515928 516705 1
516705 517482 1
518259 519036 1
519036 519813 1
520590 521367 1
521367 522144 1
522921 523698 1
523698 524475 1
525252 526029 1
526029 526806 1
527583 528360 1
528360 529137 1
529914 530691 1
530691 531468 1
532245 533022 1
533022 533799 1
534576 535353 1
535353 536130 1
536907 537684 1
537684 538461 1
539238 540015 1
540015 540792 1
541569 542346 1
542346 543123 1
543900 544677 1
544677 545454 1
546231 547008 1
547008 547785 1
548562 549339 1
549339 550116 1
550893 551670 1
551670 552447 1
553224 554001 1
554001 554778 1
555555 556332 1
556332 557109 1
557886 558663 1
558663 559440 1
560217 560994 1
560994 561771 1
562548 563325 1
563325 564102 1
564879 565656 1
565656 566433 1
567210 567987 1
567987 568764 1
569541 570318 1
570318 571095 1
571872 572649 1
572649 573426 1
574203 574980 1
574980 575757 1
576534 577311 1
577311 578088 1
578865 579642 1
579642 580419 1
581196 581973 1
581973 582750 1
583527 584304 1
584304 585081 1
585858 586635 1
586635 587412 1
588189 588966 1
588966 589743 1
590520 591297 1
591297 592074 1
592851 593628 1
593628 594405 1
595182 595959 1
595959 596736 1
597513 598290 1
598290 599067 1
599844 600621 1
600621 601398 1
602175 602952 1
602952 603729 1
604506 605283 1
605283 606060 1
606837 607614 1
607614 608391 1
609168 609945 1
609945 610722 1
611499 612276 1
612276 613053 1
613830 614607 1
614607 615384 1
616161 616938 1
616938 617715 1
618492 619269 1
619269 620046 1
620823 621600 1
621600 622377 1
623154 623931 1
623931 624708 1
625485 626262 1
626262 627039 1
627816 628593 1
628593 629370 1
630147 630924 1
630924 631701 1
632478 633255 1
633255 634032 1
634809 635586 1
635586 636363 1
637140 637917 1
637917 638694 1
639471 640248 1
640248 641025 1
641802 642579 1
642579 643356 1
644133 644910 1
644910 645687 1
646464 647241 1
647241 648018 1
648795 649572 1
649572 650349 1
651126 651903 1
651903 652680 1
653457 654234 1
654234 655011 1
655788 656565 1
656565 657342 1
658119 658896 1
658896 659673 1
660450 661227 1
661227 662004 1
662781 663558 1
663558 664335 1
665112 665889 1
665889 666666 1
667443 668220 1
668220 668997 1
669774 670551 1
670551 671328 1
672105 672882 1
672882 673659 1
674436 675213 1
675213 675990 1
676767 677544 1
677544 678321 1
679098 679875 1
679875 680652 1
681429 682206 1
682206 682983 1
683760 684537 1
684537 685314 1
686091 686868 1
686868 687645 1
688422 689199 1
689199 689976 1
690753 691530 1
691530 692307 1
693084 693861 1
693861 694638 1
695415 696192 1
696192 696969 1
697746 698523 1
698523 699300 1
700077 700854 1
700854 701631 1
702408 703185 1
703185 703962 1
704739 705516 1
705516 706293 1
707070 707847 1
707847 708624 1
709401 710178 1
710178 710955 1
711732 712509 1
712509 713286 1
714063 714840 1
714840 715617 1
716394 717171 1
717171 717948 1
718725 719502 1
719502 720279 1
721056 721833 1
721833 722610 1
723387 724164 1
724164 724941 1
725718 726495 1
726495 727272 1
728049 728826 1
728826 729603 1
730380 731157 1
731157 731934 1
732711 733488 1
733488 734265 1
735042 735819 1
735819 736596 1
737373 738150 1
738150 738927 1
739704 740481 1
740481 741258 1
742035 742812 1
742812 743589 1
744366 745143 1
745143 745920 1
746697 747474 1
747474 748251 1
749028 749805 1
749805 750582 1
751359 752136 1
752136 752913 1
753690 754467 1
754467 755244 1
756021 756798 1
756798 757575 1
758352 759129 1
759129 759906 1
760683 761460 1
761460 762237 1
763014 763791 1
763791 764568 1
765345 766122 1
766122 766899 1
767676 768453 1
768453 769230 1
770007 770784 1
770784 771561 1
772338 773115 1
773115 773892 1
774669 775446 1
775446 776223 1
777000 777777 1
777777 778554 1
779331 780108 1
780108 780885 1
781662 782439 1
782439 783216 1
783993 784770 1
784770 785547 1
786324 787101 1
787101 787878 1
788655 789432 1
789432 790209 1
790986 791763 1
791763 792540 1
793317 794094 1
794094 794871 1
795648 796425 1
796425 797202 1
797979 798756 1
798756 799533 1
800310 801087 1
801087 801864 1
802641 803418 1
803418 804195 1
804972 805749 1
805749 806526 1
807303 808080 1
808080 808857 1
809634 810411 1
810411 811188 1
811965 812742 1
812742 813519 1
814296 815073 1
815073 815850 1
816627 817404 1
817404 818181 1
818958 819735 1
819735 820512 1
821289 822066 1
822066 822843 1
823620 824397 1
824397 825174 1
825951 826728 1
826728 827505 1
828282 829059 1
829059 829836 1
830613 831390 1
831390 832167 1
832944 833721 1
833721 834498 1
835275 836052 1
836052 836829 1
837606 838383 1
838383 839160 1
839937 840714 1
840714 841491 1
842268 843045 1
843045 843822 1
844599 845376 1
845376 846153 1
846930 847707 1
847707 848484 1
849261 850038 1
850038 850815 1
851592 852369 1
852369 853146 1
853923 854700 1
854700 855477 1
856254 857031 1
857031 857808 1
858585 859362 1
859362 860139 1
860916 861693 1
861693 862470 1
863247 864024 1
864024 864801 1
865578 866355 1
866355 867132 1
867909 868686 1
868686 869463 1
870240 871017 1
871017 871794 1
872571 873348 1
873348 874125 1
874902 875679 1
875679 876456 1
877233 878010 1
878010 878787 1
879564 880341 1
880341 881118 1
881895 882672 1
882672 883449 1
884226 885003 1
885003 885780 1
886557 887334 1
887334 888111 1
888888 889665 1
889665 890442 1
891219 891996 1
891996 892773 1
893550 894327 1
894327 895104 1
895881 896658 1
896658 897435 1
898212 898989 1
898989 899766 1
900543 901320 1
901320 902097 1
902874 903651 1
903651 904428 1
905205 905982 1
905982 906759 1
907536 908313 1
908313 909090 1
909867 910644 1
910644 911421 1
912198 912975 1
912975 913752 1
914529 915306 1
915306 916083 1
916860 917637 1
917637 918414 1
919191 919968 1
919968 920745 1
921522 922299 1
922299 923076 1
923853 924630 1
924630 925407 1
926184 926961 1
926961 927738 1
928515 929292 1
929292 930069 1
930846 931623 1
931623 932400 1
933177 933954 1
933954 934731 1
935508 936285 1
936285 937062 1
937839 938616 1
938616 939393 1
940170 940947 1
940947 941724 1
942501 943278 1
943278 944055 1
944832 945609 1
945609 946386 1
947163 947940 1
947940 948717 1
949494 950271 1
950271 951048 1
951825 952602 1
952602 953379 1
954156 954933 1
954933 955710 1
956487 957264 1
957264 958041 1
958818 959595 1
959595 960372 1
961149 961926 1
961926 962703 1
963480 964257 1
964257 965034 1
965811 966588 1
966588 967365 1
968142 968919 1
968919 969696 1
970473 971250 1
971250 972027 1
972804 973581 1
973581 974358 1
975135 975912 1
975912 976689 1
977466 978243 1
978243 979020 1
979797 980574 1
980574 981351 1
982128 982905 1
982905 983682 1
984459 985236 1
985236 986013 1
986790 987567 1
987567 988344 1
989121 989898 1
989898 990675 1
991452 992229 1
992229 993006 1
993783 994560 1
994560 995337 1
996114 996891 1
996891 997668 1
998445 999222 1
999222 999999 1
1000776 1001553 1
1001553 1002330 1
1003107 1003884 1
1003884 1004661 1
1005438 1006215 1
1006215 1006992 1
1007769 1008546 1
1008546 1009323 1
1010100 1010877 1
1010877 1011654 1
1012431 1013208 1
1013208 1013985 1
1014762 1015539 1
1015539 1016316 1
1017093 1017870 1
1017870 1018647 1
1019424 1020201 1
1020201 1020978 1
1021755 1022532 1
1022532 1023309 1
1024086 1024863 1
1024863 1025640 1
1026417 1027194 1
1027194 1027971 1
1028748 1029525 1
1029525 1030302 1
1031079 1031856 1
1031856 1032633 1
1033410 1034187 1
1034187 1034964 1
1035741 1036518 1
1036518 1037295 1
1038072 1038849 1
1038849 1039626 1
1040403 1041180 1
1041180 1041957 1
1042734 1043511 1
1043511 1044288 1
1045065 1045842 1
1045842 1046619 1
1047396 1048173 1
1048173 1048950 1
1049727 1050504 1
1050504 1051281 1
1052058 1052835 1
1052835 1053612 1
1054389 1055166 1
1055166 1055943 1
1056720 1057497 1
1057497 1058274 1
1059051 1059828 1
1059828 1060605 1
1061382 1062159 1
1062159 1062936 1
1063713 1064490 1
1064490 1065267 1
1066044 1066821 1
1066821 1067598 1
1068375 1069152 1
1069152 1069929 1
1070706 1071483 1
1071483 1072260 1
1073037 1073814 1
1073814 1074591 1
1075368 1076145 1
1076145 1076922 1
1077699 1078476 1
1078476 1079253 1
1080030 1080807 1
1080807 1081584 1
1082361 1083138 1
1083138 1083915 1
1084692 1085469 1
1085469 1086246 1
1087023 1087800 1
1087800 1088577 1
1089354 1090131 1
1090131 1090908 1
1091685 1092462 1
1092462 1093239 1
1094016 1094793 1
1094793 1095570 1
1096347 1097124 1
1097124 1097901 1
1098678 1099455 1
1099455 1100232 1
1101009 1101786 1
1101786 1102563 1
1103340 1104117 1
1104117 1104894 1
1105671 1106448 1
1106448 1107225 1
1108002 1108779 1
1108779 1109556 1
1110333 1111110 1
1111110 1111887 1
1112664 1113441 1
1113441 1114218 1
1114995 1115772 1
1115772 1116549 1
1117326 1118103 1
1118103 1118880 1
1119657 1120434 1
1120434 1121211 1
1121988 1122765 1
1122765 1123542 1
1124319 1125096 1
1125096 1125873 1
1126650 1127427 1
1127427 1128204 1
1128981 1129758 1
1129758 1130535 1
1131312 1132089 1
1132089 1132866 1
1133643 1134420 1
1134420 1135197 1
1135974 1136751 1
1136751 1137528 1
1138305 1139082 1
1139082 1139859 1
1140636 1141413 1
1141413 1142190 1
1142967 1143744 1
1143744 1144521 1
1145298 1146075 1
1146075 1146852 1
1147629 1148406 1
1148406 1149183 1
1149960 1150737 1
1150737 1151514 1
1152291 1153068 1
1153068 1153845 1
1154622 1155399 1
1155399 1156176 1
1156953 1157730 1
1157730 1158507 1
1159284 1160061 1
1160061 1160838 1
1161615 1162392 1
1162392 1163169 1
1163946 1164723 1
1164723 1165500 1
1166277 1167054 1
1167054 1167831 1
1168608 1169385 1
1169385 1170162 1
1170939 1171716 1
1171716 1172493 1
1173270 1174047 1
1174047 1174824 1
1175601 1176378 1
1176378 1177155 1
1177932 1178709 1
1178709 1179486 1
1180263 1181040 1
1181040 1181817 1
1182594 1183371 1
1183371 1184148 1
1184925 1185702 1
1185702 1186479 1
1187256 1188033 1
1188033 1188810 1
1189587 1190364 1
1190364 1191141 1
1191918 1192695 1
1192695 1193472 1
1194249 1195026 1
1195026 1195803 1
1196580 1197357 1
1197357 1198134 1
1198911 1199688 1
1199688 1200465 1
1201242 1202019 1
1202019 1202796 1
1203573 1204350 1
1204350 1205127 1
1205904 1206681 1
1206681 1207458 1
1208235 1209012 1
1209012 1209789 1
1210566 1211343 1
1211343 1212120 1
1212897 1213674 1
1213674 1214451 1
1215228 1216005 1
1216005 1216782 1
1217559 1218336 1
1218336 1219113 1
1219890 1220667 1
1220667 1221444 1
1222221 1222998 1
1222998 1223775 1
1224552 1225329 1
1225329 1226106 1
1226883 1227660 1
1227660 1228437 1
1229214 1229991 1
1229991 1230768 1
1231545 1232322 1
1232322 1233099 1
1233876 1234653 1
1234653 1235430 1
1236207 1236984 1
1236984 1237761 1
1238538 1239315 1
1239315 1240092 1
1240869 1241646 1
1241646 1242423 1
1243200 1243977 1
1243977 1244754 1
1245531 1246308 1
1246308 1247085 1
1247862 1248639 1
1248639 1249416 1
1250193 1250970 1
1250970 1251747 1
1252524 1253301 1
1253301 1254078 1
1254855 1255632 1
1255632 1256409 1
1257186 1257963 1
1257963 1258740 1
1259517 1260294 1
1260294 1261071 1
1261848 1262625 1
1262625 1263402 1
1264179 1264956 1
1264956 1265733 1
1266510 1267287 1
1267287 1268064 1
1268841 1269618 1
1269618 1270395 1
1271172 1271949 1
1271949 1272726 1
1273503 1274280 1
1274280 1275057 1
1275834 1276611 1
1276611 1277388 1
1278165 1278942 1
1278942 1279719 1
1280496 1281273 1
1281273 1282050 1
1282827 1283604 1
1283604 1284381 1
1285158 1285935 1
1285935 1286712 1
1287489 1288266 1
1288266 1289043 1
1289820 1290597 1
1290597 1291374 1
1292151 1292928 1
1292928 1293705 1
1294482 1295259 1
1295259 1296036 1
1296813 1297590 1
1297590 1298367 1
1299144 1299921 1
1299921 1300698 1
1301475 1302252 1
1302252 1303029 1
1303806 1304583 1
1304583 1305360 1
1306137 1306914 1
1306914 1307691 1
1308468 1309245 1
1309245 1310022 1
1310799 1311576 1
1311576 1312353 1
1313130 1313907 1
1313907 1314684 1
1315461 1316238 1
1316238 1317015 1
1317792 1318569 1
1318569 1319346 1
1320123 1320900 1
1320900 1321677 1
1322454 1323231 1
1323231 1324008 1
1324785 1325562 1
1325562 1326339 1
1327116 1327893 1
1327893 1328670 1
1329447 1330224 1
1330224 1331001 1
1331778 1332555 1
1332555 1333332 1
1334109 1334886 1
1334886 1335663 1
1336440 1337217 1
1337217 1337994 1
1338771 1339548 1
1339548 1340325 1
1341102 1341879 1
1341879 1342656 1
1343433 1344210 1
1344210 1344987 1
1345764 1346541 1
1346541 1347318 1
1348095 1348872 1
1348872 1349649 1
1350426 1351203 1
1351203 1351980 1
1352757 1353534 1
1353534 1354311 1
1355088 1355865 1
1355865 1356642 1
1357419 1358196 1
1358196 1358973 1
1359750 1360527 1
1360527 1361304 1
1362081 1362858 1
1362858 1363635 1
1364412 1365189 1
1365189 1365966 1
1366743 1367520 1
1367520 1368297 1
1369074 1369851 1
1369851 1370628 1
1371405 1372182 1
1372182 1372959 1
1373736 1374513 1
1374513 1375290 1
1376067 1376844 1
1376844 1377621 1
1378398 1379175 1
1379175 1379952 1
1380729 1381506 1
1381506 1382283 1
1383060 1383837 1
1383837 1384614 1
1385391 1386168 1
1386168 1386945 1
1387722 1388499 1
1388499 1389276 1
1390053 1390830 1
1390830 1391607 1
1392384 1393161 1
1393161 1393938 1
1394715 1395492 1
1395492 1396269 1
1397046 1397823 1
1397823 1398600 1
1399377 1400154 1
1400154 1400931 1
1401708 1402485 1
1402485 1403262 1
1404039 1404816 1
1404816 1405593 1
1406370 1407147 1
1407147 1407924 1
1408701 1409478 1
1409478 1410255 1
1411032 1411809 1
1411809 1412586 1
1413363 1414140 1
1414140 1414917 1
1415694 1416471 1
1416471 1417248 1
1418025 1418802 1
1418802 1419579 1
1420356 1421133 1
1421133 1421910 1
1422687 1423464 1
1423464 1424241 1
1425018 1425795 1
1425795 1426572 1
1427349 1428126 1
1428126 1428903 1
1429680 1430457 1
1430457 1431234 1
1432011 1432788 1
1432788 1433565 1
1434342 1435119 1
1435119 1435896 1
1436673 1437450 1
1437450 1438227 1
1439004 1439781 1
1439781 1440558 1
1441335 1442112 1
1442112 1442889 1
1443666 1444443 1
1444443 1445220 1
1445997 1446774 1
1446774 1447551 1
1448328 1449105 1
1449105 1449882 1
1450659 1451436 1
1451436 1452213 1
1452990 1453767 1
1453767 1454544 1
1455321 1456098 1
1456098 1456875 1
1457652 1458429 1
1458429 1459206 1
1459983 1460760 1
1460760 1461537 1
1462314 1463091 1
1463091 1463868 1
1464645 1465422 1
1465422 1466199 1
1466976 1467753 1
1467753 1468530 1
1469307 1470084 1
1470084 1470861 1
1471638 1472415 1
1472415 1473192 1
1473969 1474746 1
1474746 1475523 1
1476300 1477077 1
1477077 1477854 1
1478631 1479408 1
1479408 1480185 1
1480962 1481739 1
1481739 1482516 1
1483293 1484070 1
1484070 1484847 1
1485624 1486401 1
1486401 1487178 1
1487955 1488732 1
1488732 1489509 1
1490286 1491063 1
1491063 1491840 1
1492617 1493394 1
1493394 1494171 1
1494948 1495725 1
1495725 1496502 1
1497279 1498056 1
1498056 1498833 1
1499610 1500387 1
1500387 1501164 1
1501941 1502718 1
1502718 1503495 1
1504272 1505049 1
1505049 1505826 1
1506603 1507380 1
1507380 1508157 1
1508934 1509711 1
1509711 1510488 1
1511265 1512042 1
1512042 1512819 1
1513596 1514373 1
1514373 1515150 1
1515927 1516704 1
1516704 1517481 1
1518258 1519035 1
1519035 1519812 1
1520589 1521366 1
1521366 1522143 1
1522920 1523697 1
1523697 1524474 1
1525251 1526028 1
1526028 1526805 1
1527582 1528359 1
1528359 1529136 1
1529913 1530690 1
1530690 1531467 1
1532244 1533021 1
1533021 1533798 1
1534575 1535352 1
1535352 1536129 1
1536906 1537683 1
1537683 1538460 1
1539237 1540014 1
1540014 1540791 1
1541568 1542345 1
1542345 1543122 1
1543899 1544676 1
1544676 1545453 1
1546230 1547007 1
1547007 1547784 1
1548561 1549338 1
1549338 1550115 1
1550892 1551669 1
1551669 1552446 1
1553223 1554000 1
1554000 1554777 1
1555554 1556331 1
1556331 1557108 1
1557885 1558662 1
1558662 1559439 1
1560216 1560993 1
1560993 1561770 1
1562547 1563324 1
1563324 1564101 1
1564878 1565655 1
1565655 1566432 1
1567209 1567986 1
1567986 1568763 1
1569540 1570317 1
1570317 1571094 1
1571871 1572648 1
1572648 1573425 1
1574202 1574979 1
1574979 1575756 1
1576533 1577310 1
1577310 1578087 1
1578864 1579641 1
1579641 1580418 1
1581195 1581972 1
1581972 1582749 1
1583526 1584303 1
1584303 1585080 1
1585857 1586634 1
1586634 1587411 1
1588188 1588965 1
1588965 1589742 1
1590519 1591296 1
1591296 1592073 1
1592850 1593627 1
1593627 1594404 1
1595181 1595958 1
1595958 1596735 1
1597512 1598289 1
1598289 1599066 1
1599843 1600620 1
1600620 1601397 1
1602174 1602951 1
1602951 1603728 1
1604505 1605282 1
1605282 1606059 1
1606836 1607613 1
1607613 1608390 1
1609167 1609944 1
1609944 1610721 1
1611498 1612275 1
1612275 1613052 1
1613829 1614606 1
1614606 1615383 1
1616160 1616937 1
1616937 1617714 1
1618491 1619268 1
1619268 1620045 1
1620822 1621599 1
1621599 1622376 1
1623153 1623930 1
1623930 1624707 1
1625484 1626261 1
1626261 1627038 1
1627815 1628592 1
1628592 1629369 1
1630146 1630923 1
1630923 1631700 1
1632477 1633254 1
1633254 1634031 1
1634808 1635585 1
1635585 1636362 1
1637139 1637916 1
1637916 1638693 1
1639470 1640247 1
1640247 1641024 1
1641801 1642578 1
1642578 1643355 1
1644132 1644909 1
1644909 1645686 1
1646463 1647240 1
1647240 1648017 1
1648794 1649571 1
1649571 1650348 1
1651125 1651902 1
1651902 1652679 1
1653456 1654233 1
1654233 1655010 1
1655787 1656564 1
1656564 1657341 1
1658118 1658895 1
1658895 1659672 1
1660449 1661226 1
1661226 1662003 1
1662780 1663557 1
1663557 1664334 1
1665111 1665888 1
1665888 1666665 1
1667442 1668219 1
1668219 1668996 1
1669773 1670550 1
1670550 1671327 1
1672104 1672881 1
1672881 1673658 1
1674435 1675212 1
1675212 1675989 1
1676766 1677543 1
1677543 1678320 1
1679097 1679874 1
1679874 1680651 1
1681428 1682205 1
1682205 1682982 1
1683759 1684536 1
1684536 1685313 1
1686090 1686867 1
1686867 1687644 1
1688421 1689198 1
1689198 1689975 1
1690752 1691529 1
1691529 1692306 1
1693083 1693860 1
1693860 1694637 1
1695414 1696191 1
1696191 1696968 1
1697745 1698522 1
1698522 1699299 1
1700076 1700853 1
1700853 1701630 1
1702407 1703184 1
1703184 1703961 1
1704738 1705515 1
1705515 1706292 1
1707069 1707846 1
1707846 1708623 1
1709400 1710177 1
1710177 1710954 1
1711731 1712508 1
1712508 1713285 1
1714062 1714839 1
1714839 1715616 1
1716393 1717170 1
1717170 1717947 1
1718724 1719501 1
1719501 1720278 1
1721055 1721832 1
1721832 1722609 1
1723386 1724163 1
1724163 1724940 1
1725717 1726494 1
1726494 1727271 1
1728048 1728825 1
1728825 1729602 1
1730379 1731156 1
1731156 1731933 1
1732710 1733487 1
1733487 1734264 1
1735041 1735818 1
1735818 1736595 1
1737372 1738149 1
1738149 1738926 1
1739703 1740480 1
1740480 1741257 1
1742034 1742811 1
1742811 1743588 1
1744365 1745142 1
1745142 1745919 1
1746696 1747473 1
1747473 1748250 1
1749027 1749804 1
1749804 1750581 1
1751358 1752135 1
1752135 1752912 1
1753689 1754466 1
1754466 1755243 1
1756020 1756797 1
1756797 1757574 1
1758351 1759128 1
1759128 1759905 1
1760682 1761459 1
1761459 1762236 1
1763013 1763790 1
1763790 1764567 1
1765344 1766121 1
1766121 1766898 1
1767675 1768452 1
1768452 1769229 1
1770006 1770783 1
1770783 1771560 1
1772337 1773114 1
1773114 1773891 1
1774668 1775445 1
1775445 1776222 1
1776999 1777776 1
1777776 1778553 1
1779330 1780107 1
1780107 1780884 1
1781661 1782438 1
1782438 1783215 1
1783992 1784769 1
1784769 1785546 1
1786323 1787100 1
1787100 1787877 1
1788654 1789431 1
1789431 1790208 1
1790985 1791762 1
1791762 1792539 1
1793316 1794093 1
1794093 1794870 1
1795647 1796424 1
1796424 1797201 1
1797978 1798755 1
1798755 1799532 1
1800309 1801086 1
1801086 1801863 1
1802640 1803417 1
1803417 1804194 1
1804971 1805748 1
1805748 1806525 1
1807302 1808079 1
1808079 1808856 1
1809633 1810410 1
1810410 1811187 1
1811964 1812741 1
1812741 1813518 1
1814295 1815072 1
1815072 1815849 1
1816626 1817403 1
1817403 1818180 1
1818957 1819734 1
1819734 1820511 1
1821288 1822065 1
1822065 1822842 1
1823619 1824396 1
1824396 1825173 1
1825950 1826727 1
1826727 1827504 1
1828281 1829058 1
1829058 1829835 1
1830612 1831389 1
1831389 1832166 1
1832943 1833720 1
1833720 1834497 1
1835274 1836051 1
1836051 1836828 1
1837605 1838382 1
1838382 1839159 1
1839936 1840713 1
1840713 1841490 1
1842267 1843044 1
1843044 1843821 1
1844598 1845375 1
1845375 1846152 1
1846929 1847706 1
1847706 1848483 1
1849260 1850037 1
1850037 1850814 1
1851591 1852368 1
1852368 1853145 1
1853922 1854699 1
1854699 1855476 1
1856253 1857030 1
1857030 1857807 1
1858584 1859361 1
1859361 1860138 1
1860915 1861692 1
1861692 1862469 1
1863246 1864023 1
1864023 1864800 1
1865577 1866354 1
1866354 1867131 1
1867908 1868685 1
1868685 1869462 1
1870239 1871016 1
1871016 1871793 1
1872570 1873347 1
1873347 1874124 1
1874901 1875678 1
1875678 1876455 1
1877232 1878009 1
1878009 1878786 1
1879563 1880340 1
1880340 1881117 1
1881894 1882671 1
1882671 1883448 1
1884225 1885002 1
1885002 1885779 1
1886556 1887333 1
1887333 1888110 1
1888887 1889664 1
1889664 1890441 1
1891218 1891995 1
1891995 1892772 1
1893549 1894326 1
1894326 1895103 1
1895880 1896657 1
1896657 1897434 1
1898211 1898988 1
1898988 1899765 1
1900542 1901319 1
1901319 1902096 1
1902873 1903650 1
1903650 1904427 1
1905204 1905981 1
1905981 1906758 1
1907535 1908312 1
1908312 1909089 1
1909866 1910643 1
1910643 1911420 1
1912197 1912974 1
1912974 1913751 1
1914528 1915305 1
1915305 1916082 1
1916859 1917636 1
1917636 1918413 1
1919190 1919967 1
1919967 1920744 1
1921521 1922298 1
1922298 1923075 1
1923852 1924629 1
1924629 1925406 1
1926183 1926960 1
1926960 1927737 1
1928514 1929291 1
1929291 1930068 1
1930845 1931622 1
1931622 1932399 1
1933176 1933953 1
1933953 1934730 1
1935507 1936284 1
1936284 1937061 1
1937838 1938615 1
1938615 1939392 1
1940169 1940946 1
1940946 1941723 1
1942500 1943277 1
1943277 1944054 1
1944831 1945608 1
1945608 1946385 1
1947162 1947939 1
1947939 1948716 1
1949493 1950270 1
1950270 1951047 1
1951824 1952601 1
1952601 1953378 1
1954155 1954932 1
1954932 1955709 1
1956486 1957263 1
1957263 1958040 1
1958817 1959594 1
1959594 1960371 1
1961148 1961925 1
1961925 1962702 1
1963479 1964256 1
1964256 1965033 1
1965810 1966587 1
1966587 1967364 1
1968141 1968918 1
1968918 1969695 1
1970472 1971249 1
1971249 1972026 1
1972803 1973580 1
1973580 1974357 1
1975134 1975911 1
1975911 1976688 1
1977465 1978242 1
1978242 1979019 1
1979796 1980573 1
1980573 1981350 1
1982127 1982904 1
1982904 1983681 1
1984458 1985235 1
1985235 1986012 1
1986789 1987566 1
1987566 1988343 1
1989120 1989897 1
1989897 1990674 1
1991451 1992228 1
1992228 1993005 1
1993782 1994559 1
1994559 1995336 1
1996113 1996890 1
1996890 1997667 1
1998444 1999221 1
1999221 1999998 1
2000775 2001552 1
2001552 2002329 1
2003106 2003883 1
2003883 2004660 1
2005437 2006214 1
2006214 2006991 1
2007768 2008545 1
2008545 2009322 1
2010099 2010876 1
2010876 2011653 1
2012430 2013207 1
2013207 2013984 1
2014761 2015538 1
2015538 2016315 1
2017092 2017869 1
2017869 2018646 1
2019423 2020200 1
2020200 2020977 1
2021754 2022531 1
2022531 2023308 1
2024085 2024862 1
2024862 2025639 1
2026416 2027193 1
2027193 2027970 1
2028747 2029524 1
2029524 2030301 1
2031078 2031855 1
2031855 2032632 1
2033409 2034186 1
2034186 2034963 1
2035740 2036517 1
2036517 2037294 1
2038071 2038848 1
2038848 2039625 1
2040402 2041179 1
2041179 2041956 1
2042733 2043510 1
2043510 2044287 1
2045064 2045841 1
2045841 2046618 1
2047395 2048172 1
2048172 2048949 1
2049726 2050503 1
2050503 2051280 1
2052057 2052834 1
2052834 2053611 1
2054388 2055165 1
2055165 2055942 1
2056719 2057496 1
2057496 2058273 1
2059050 2059827 1
2059827 2060604 1
2061381 2062158 1
2062158 2062935 1
2063712 2064489 1
2064489 2065266 1
2066043 2066820 1
2066820 2067597 1
2068374 2069151 1
2069151 2069928 1
2070705 2071482 1
2071482 2072259 1
2073036 2073813 1
2073813 2074590 1
2075367 2076144 1
2076144 2076921 1
2077698 2078475 1
2078475 2079252 1
2080029 2080806 1
2080806 2081583 1
2082360 2083137 1
2083137 2083914 1
2084691 2085468 1
2085468 2086245 1
2087022 2087799 1
2087799 2088576 1
2089353 2090130 1
2090130 2090907 1
2091684 2092461 1
2092461 2093238 1
2094015 2094792 1
2094792 2095569 1
2096346 2097123 1
2097123 2097900 1
2098677 2099454 1
2099454 2100231 1
2101008 2101785 1
2101785 2102562 1
2103339 2104116 1
2104116 2104893 1
2105670 2106447 1
2106447 2107224 1
2108001 2108778 1
2108778 2109555 1
2110332 2111109 1
2111109 2111886 1
2112663 2113440 1
2113440 2114217 1
2114994 2115771 1
2115771 2116548 1
2117325 2118102 1
2118102 2118879 1
2119656 2120433 1
2120433 2121210 1
2121987 2122764 1
2122764 2123541 1
2124318 2125095 1
2125095 2125872 1
2126649 2127426 1
2127426 2128203 1
2128980 2129757 1
2129757 2130534 1
2131311 2132088 1
2132088 2132865 1
2133642 2134419 1
2134419 2135196 1
2135973 2136750 1
2136750 2137527 1
2138304 2139081 1
2139081 2139858 1
2140635 2141412 1
2141412 2142189 1
2142966 2143743 1
2143743 2144520 1
2145297 2146074 1
2146074 2146851 1
2147628 2148405 1
2148405 2149182 1
2149959 2150736 1
2150736 2151513 1
2152290 2153067 1
2153067 2153844 1
2154621 2155398 1
2155398 2156175 1
2156952 2157729 1
2157729 2158506 1
2159283 2160060 1
2160060 2160837 1
2161614 2162391 1
2162391 2163168 1
2163945 2164722 1
2164722 2165499 1
2166276 2167053 1
2167053 2167830 1
2168607 2169384 1
2169384 2170161 1
2170938 2171715 1
2171715 2172492 1
2173269 2174046 1
2174046 2174823 1
2175600 2176377 1
2176377 2177154 1
2177931 2178708 1
2178708 2179485 1
2180262 2181039 1
2181039 2181816 1
2182593 2183370 1
2183370 2184147 1
2184924 2185701 1
2185701 2186478 1
2187255 2188032 1
2188032 2188809 1
2189586 2190363 1
2190363 2191140 1
2191917 2192694 1
2192694 2193471 1
2194248 2195025 1
2195025 2195802 1
2196579 2197356 1
2197356 2198133 1
2198910 2199687 1
2199687 2200464 1
2201241 2202018 1
2202018 2202795 1
2203572 2204349 1
2204349 2205126 1
2205903 2206680 1
2206680 2207457 1
2208234 2209011 1
2209011 2209788 1
2210565 2211342 1
2211342 2212119 1
2212896 2213673 1
2213673 2214450 1
2215227 2216004 1
2216004 2216781 1
2217558 2218335 1
2218335 2219112 1
2219889 2220666 1
2220666 2221443 1
2222220 2222997 1
2222997 2223774 1
2224551 2225328 1
2225328 2226105 1
2226882 2227659 1
2227659 2228436 1
2229213 2229990 1
2229990 2230767 1
2231544 2232321 1
2232321 2233098 1
2233875 2234652 1
2234652 2235429 1
2236206 2236983 1
2236983 2237760 1
2238537 2239314 1
2239314 2240091 1
2240868 2241645 1
2241645 2242422 1
2243199 2243976 1
2243976 2244753 1
2245530 2246307 1
2246307 2247084 1
2247861 2248638 1
2248638 2249415 1
2250192 2250969 1
2250969 2251746 1
2252523 2253300 1
2253300 2254077 1
2254854 2255631 1
2255631 2256408 1
2257185 2257962 1
2257962 2258739 1
2259516 2260293 1
2260293 2261070 1
2261847 2262624 1
2262624 2263401 1
2264178 2264955 1
2264955 2265732 1
2266509 2267286 1
2267286 2268063 1
2268840 2269617 1
2269617 2270394 1
2271171 2271948 1
2271948 2272725 1
2273502 2274279 1
2274279 2275056 1
2275833 2276610 1
2276610 2277387 1
2278164 2278941 1
2278941 2279718 1
2280495 2281272 1
2281272 2282049 1
2282826 2283603 1
2283603 2284380 1
2285157 2285934 1
2285934 2286711 1
2287488 2288265 1
2288265 2289042 1
2289819 2290596 1
2290596 2291373 1
2292150 2292927 1
2292927 2293704 1
2294481 2295258 1
2295258 2296035 1
2296812 2297589 1
2297589 2298366 1
2299143 2299920 1
2299920 2300697 1
2301474 2302251 1
2302251 2303028 1
2303805 2304582 1
2304582 2305359 1
2306136 2306913 1
2306913 2307690 1
2308467 2309244 1
2309244 2310021 1
2310798 2311575 1
2311575 2312352 1
2313129 2313906 1
2313906 2314683 1
2315460 2316237 1
2316237 2317014 1
2317791 2318568 1
2318568 2319345 1
2320122 2320899 1
2320899 2321676 1
2322453 2323230 1
2323230 2324007 1
2324784 2325561 1
2325561 2326338 1
2327115 2327892 1
2327892 2328669 1
2329446 2330223 1
2330223 2331000 1
2331777 2332554 1
2332554 2333331 1
2334108 2334885 1
2334885 2335662 1
2336439 2337216 1
2337216 2337993 1
2338770 2339547 1
2339547 2340324 1
2341101 2341878 1
2341878 2342655 1
2343432 2344209 1
2344209 2344986 1
2345763 2346540 1
2346540 2347317 1
2348094 2348871 1
2348871 2349648 1
2350425 2351202 1
2351202 2351979 1
2352756 2353533 1
2353533 2354310 1
2355087 2355864 1
2355864 2356641 1
2357418 2358195 1
2358195 2358972 1
2359749 2360526 1
2360526 2361303 1
2362080 2362857 1
2362857 2363634 1
2364411 2365188 1
2365188 2365965 1
2366742 2367519 1
2367519 2368296 1
2369073 2369850 1
2369850 2370627 1
2371404 2372181 1
2372181 2372958 1
2373735 2374512 1
2374512 2375289 1
2376066 2376843 1
2376843 2377620 1
2378397 2379174 1
2379174 2379951 1
2380728 2381505 1
2381505 2382282 1
2383059 2383836 1
2383836 2384613 1
2385390 2386167 1
2386167 2386944 1
2387721 2388498 1
2388498 2389275 1
2390052 2390829 1
2390829 2391606 1
2392383 2393160 1
2393160 2393937 1
2394714 2395491 1
2395491 2396268 1
2397045 2397822 1
2397822 2398599 1
2399376 2400153 1
2400153 2400930 1
2401707 2402484 1
2402484 2403261 1
2404038 2404815 1
2404815 2405592 1
2406369 2407146 1
2407146 2407923 1
2408700 2409477 1
2409477 2410254 1
2411031 2411808 1
2411808 2412585 1
2413362 2414139 1
2414139 2414916 1
2415693 2416470 1
2416470 2417247 1
2418024 2418801 1
2418801 2419578 1
2420355 2421132 1
2421132 2421909 1
2422686 2423463 1
2423463 2424240 1
2425017 2425794 1
2425794 2426571 1
2427348 2428125 1
2428125 2428902 1
2429679 2430456 1
2430456 2431233 1
2432010 2432787 1
2432787 2433564 1
2434341 2435118 1
2435118 2435895 1
2436672 2437449 1
2437449 2438226 1
2439003 2439780 1
2439780 2440557 1
2441334 2442111 1
2442111 2442888 1
2443665 2444442 1
2444442 2445219 1
2445996 2446773 1
2446773 2447550 1
2448327 2449104 1
2449104 2449881 1
2450658 2451435 1
2451435 2452212 1
2452989 2453766 1
2453766 2454543 1
2455320 2456097 1
2456097 2456874 1
2457651 2458428 1
2458428 2459205 1
2459982 2460759 1
2460759 2461536 1
2462313 2463090 1
2463090 2463867 1
2464644 2465421 1
2465421 2466198 1
2466975 2467752 1
2467752 2468529 1
2469306 2470083 1
2470083 2470860 1
2471637 2472414 1
2472414 2473191 1
2473968 2474745 1
2474745 2475522 1
2476299 2477076 1
2477076 2477853 1
2478630 2479407 1
2479407 2480184 1
2480961 2481738 1
2481738 2482515 1
2483292 2484069 1
2484069 2484846 1
2485623 2486400 1
2486400 2487177 1
2487954 2488731 1
2488731 2489508 1
2490285 2491062 1
2491062 2491839 1
2492616 2493393 1
2493393 2494170 1
2494947 2495724 1
2495724 2496501 1
2497278 2498055 1
2498055 2498832 1
2499609 2500386 1
2500386 2501163 1
2501940 2502717 1
2502717 2503494 1
2504271 2505048 1
2505048 2505825 1
2506602 2507379 1
2507379 2508156 1
2508933 2509710 1
2509710 2510487 1
2511264 2512041 1
2512041 2512818 1
2513595 2514372 1
2514372 2515149 1
2515926 2516703 1
2516703 2517480 1
2518257 2519034 1
2519034 2519811 1
2520588 2521365 1
2521365 2522142 1
2522919 2523696 1
2523696 2524473 1
2525250 2526027 1
2526027 2526804 1
2527581 2528358 1
2528358 2529135 1
2529912 2530689 1
2530689 2531466 1
2532243 2533020 1
2533020 2533797 1
2534574 2535351 1
2535351 2536128 1
2536905 2537682 1
2537682 2538459 1
2539236 2540013 1
2540013 2540790 1
2541567 2542344 1
2542344 2543121 1
2543898 2544675 1
2544675 2545452 1
2546229 2547006 1
2547006 2547783 1
2548560 2549337 1
2549337 2550114 1
2550891 2551668 1
2551668 2552445 1
2553222 2553999 1
2553999 2554776 1
2555553 2556330 1
2556330 2557107 1
2557884 2558661 1
2558661 2559438 1
2560215 2560992 1
2560992 2561769 1
2562546 2563323 1
2563323 2564100 1
2564877 2565654 1
2565654 2566431 1
2567208 2567985 1
2567985 2568762 1
2569539 2570316 1
2570316 2571093 1
2571870 2572647 1
2572647 2573424 1
2574201 2574978 1
2574978 2575755 1
2576532 2577309 1
2577309 2578086 1
2578863 2579640 1
2579640 2580417 1
2581194 2581971 1
2581971 2582748 1
2583525 2584302 1
2584302 2585079 1
2585856 2586633 1
2586633 2587410 1
2588187 2588964 1
2588964 2589741 1
2590518 2591295 1
2591295 2592072 1
2592849 2593626 1
2593626 2594403 1
2595180 2595957 1
2595957 2596734 1
2597511 2598288 1
2598288 2599065 1
2599842 2600619 1
2600619 2601396 1
2602173 2602950 1
2602950 2603727 1
2604504 2605281 1
2605281 2606058 1
2606835 2607612 1
2607612 2608389 1
2609166 2609943 1
2609943 2610720 1
2611497 2612274 1
2612274 2613051 1
2613828 2614605 1
2614605 2615382 1
2616159 2616936 1
2616936 2617713 1
2618490 2619267 1
2619267 2620044 1
2620821 2621598 1
2621598 2622375 1
2623152 2623929 1
2623929 2624706 1
2625483 2626260 1
2626260 2627037 1
2627814 2628591 1
2628591 2629368 1
2630145 2630922 1
2630922 2631699 1
2632476 2633253 1
2633253 2634030 1
2634807 2635584 1
2635584 2636361 1
2637138 2637915 1
2637915 2638692 1
2639469 2640246 1
2640246 2641023 1
2641800 2642577 1
2642577 2643354 1
2644131 2644908 1
2644908 2645685 1
2646462 2647239 1
2647239 2648016 1
2648793 2649570 1
2649570 2650347 1
2651124 2651901 1
2651901 2652678 1
2653455 2654232 1
2654232 2655009 1
2655786 2656563 1
2656563 2657340 1
2658117 2658894 1
2658894 2659671 1
2660448 2661225 1
2661225 2662002 1
2662779 2663556 1
2663556 2664333 1
2665110 2665887 1
2665887 2666664 1
2667441 2668218 1
2668218 2668995 1
2669772 2670549 1
2670549 2671326 1
2672103 2672880 1
2672880 2673657 1
2674434 2675211 1
2675211 2675988 1
2676765 2677542 1
2677542 2678319 1
2679096 2679873 1
2679873 2680650 1
2681427 2682204 1
2682204 2682981 1
2683758 2684535 1
2684535 2685312 1
2686089 2686866 1
2686866 2687643 1
2688420 2689197 1
2689197 2689974 1
2690751 2691528 1
2691528 2692305 1
2693082 2693859 1
2693859 2694636 1
2695413 2696190 1
2696190 2696967 1
2697744 2698521 1
2698521 2699298 1
2700075 2700852 1
2700852 2701629 1
2702406 2703183 1
2703183 2703960 1
2704737 2705514 1
2705514 2706291 1
2707068 2707845 1
2707845 2708622 1
2709399 2710176 1
2710176 2710953 1
2711730 2712507 1
2712507 2713284 1
2714061 2714838 1
2714838 2715615 1
2716392 2717169 1
2717169 2717946 1
2718723 2719500 1
2719500 2720277 1
2721054 2721831 1
2721831 2722608 1
2723385 2724162 1
2724162 2724939 1
2725716 2726493 1
2726493 2727270 1
2728047 2728824 1
2728824 2729601 1
2730378 2731155 1
2731155 2731932 1
2732709 2733486 1
2733486 2734263 1
2735040 2735817 1
2735817 2736594 1
2737371 2738148 1
2738148 2738925 1
2739702 2740479 1
2740479 2741256 1
2742033 2742810 1
2742810 2743587 1
2744364 2745141 1
2745141 2745918 1
2746695 2747472 1
2747472 2748249 1
2749026 2749803 1
2749803 2750580 1
2751357 2752134 1
2752134 2752911 1
2753688 2754465 1
2754465 2755242 1
2756019 2756796 1
2756796 2757573 1
2758350 2759127 1
2759127 2759904 1
2760681 2761458 1
2761458 2762235 1
2763012 2763789 1
2763789 2764566 1
2765343 2766120 1
2766120 2766897 1
2767674 2768451 1
2768451 2769228 1
2770005 2770782 1
2770782 2771559 1
2772336 2773113 1
2773113 2773890 1
2774667 2775444 1
2775444 2776221 1
2776998 2777775 1
2777775 2778552 1
2779329 2780106 1
2780106 2780883 1
2781660 2782437 1
2782437 2783214 1
2783991 2784768 1
2784768 2785545 1
2786322 2787099 1
2787099 2787876 1
2788653 2789430 1
2789430 2790207 1
2790984 2791761 1
2791761 2792538 1
2793315 2794092 1
2794092 2794869 1
2795646 2796423 1
2796423 2797200 1
2797977 2798754 1
2798754 2799531 1
2800308 2801085 1
2801085 2801862 1
2802639 2803416 1
2803416 2804193 1
2804970 2805747 1
2805747 2806524 1
2807301 2808078 1
2808078 2808855 1
2809632 2810409 1
2810409 2811186 1
2811963 2812740 1
2812740 2813517 1
2814294 2815071 1
2815071 2815848 1
2816625 2817402 1
2817402 2818179 1
2818956 2819733 1
2819733 2820510 1
2821287 2822064 1
2822064 2822841 1
2823618 2824395 1
2824395 2825172 1
2825949 2826726 1
2826726 2827503 1
2828280 2829057 1
2829057 2829834 1
2830611 2831388 1
2831388 2832165 1
2832942 2833719 1
2833719 2834496 1
2835273 2836050 1
2836050 2836827 1
2837604 2838381 1
2838381 2839158 1
2839935 2840712 1
2840712 2841489 1
2842266 2843043 1
2843043 2843820 1
2844597 2845374 1
2845374 2846151 1
2846928 2847705 1
2847705 2848482 1
2849259 2850036 1
2850036 2850813 1
2851590 2852367 1
2852367 2853144 1
2853921 2854698 1
2854698 2855475 1
2856252 2857029 1
2857029 2857806 1
2858583 2859360 1
2859360 2860137 1
2860914 2861691 1
2861691 2862468 1
2863245 2864022 1
2864022 2864799 1
2865576 2866353 1
2866353 2867130 1
2867907 2868684 1
2868684 2869461 1
2870238 2871015 1
2871015 2871792 1
2872569 2873346 1
2873346 2874123 1
2874900 2875677 1
2875677 2876454 1
2877231 2878008 1
2878008 2878785 1
2879562 2880339 1
2880339 2881116 1
2881893 2882670 1
2882670 2883447 1
2884224 2885001 1
2885001 2885778 1
2886555 2887332 1
2887332 2888109 1
2888886 2889663 1
2889663 2890440 1
2891217 2891994 1
2891994 2892771 1
2893548 2894325 1
2894325 2895102 1
2895879 2896656 1
2896656 2897433 1
2898210 2898987 1
2898987 2899764 1
2900541 2901318 1
2901318 2902095 1
2902872 2903649 1
2903649 2904426 1
2905203 2905980 1
2905980 2906757 1
2907534 2908311 1
2908311 2909088 1
2909865 2910642 1
2910642 2911419 1
2912196 2912973 1
2912973 2913750 1
2914527 2915304 1
2915304 2916081 1
2916858 2917635 1
2917635 2918412 1
2919189 2919966 1
2919966 2920743 1
2921520 2922297 1
2922297 2923074 1
2923851 2924628 1
2924628 2925405 1
2926182 2926959 1
2926959 2927736 1
2928513 2929290 1
2929290 2930067 1
2930844 2931621 1
2931621 2932398 1
2933175 2933952 1
2933952 2934729 1
2935506 2936283 1
2936283 2937060 1
2937837 2938614 1
2938614 2939391 1
2940168 2940945 1
2940945 2941722 1
2942499 2943276 1
2943276 2944053 1
2944830 2945607 1
2945607 2946384 1
2947161 2947938 1
2947938 2948715 1
2949492 2950269 1
2950269 2951046 1
2951823 2952600 1
2952600 2953377 1
2954154 2954931 1
2954931 2955708 1
2956485 2957262 1
2957262 2958039 1
2958816 2959593 1
2959593 2960370 1
2961147 2961924 1
2961924 2962701 1
2963478 2964255 1
2964255 2965032 1
2965809 2966586 1
2966586 2967363 1
2968140 2968917 1
2968917 2969694 1
2970471 2971248 1
2971248 2972025 1
2972802 2973579 1
2973579 2974356 1
2975133 2975910 1
2975910 2976687 1
2977464 2978241 1
2978241 2979018 1
2979795 2980572 1
2980572 2981349 1
2982126 2982903 1
2982903 2983680 1
2984457 2985234 1
2985234 2986011 1
2986788 2987565 1
2987565 2988342 1
2989119 2989896 1
2989896 2990673 1
2991450 2992227 1
2992227 2993004 1
2993781 2994558 1
2994558 2995335 1
2996112 2996889 1
2996889 2997666 1
2998443 2999220 1
2999220 2999997 1
3000774 3001551 1
3001551 3002328 1
3003105 3003882 1
3003882 3004659 1
3005436 3006213 1
3006213 3006990 1
3007767 3008544 1
3008544 3009321 1
3010098 3010875 1
3010875 3011652 1
3012429 3013206 1
3013206 3013983 1
3014760 3015537 1
3015537 3016314 1
3017091 3017868 1
3017868 3018645 1
3019422 3020199 1
3020199 3020976 1
3021753 3022530 1
3022530 3023307 1
3024084 3024861 1
3024861 3025638 1
3026415 3027192 1
3027192 3027969 1
3028746 3029523 1
3029523 3030300 1
3031077 3031854 1
3031854 3032631 1
3033408 3034185 1
3034185 3034962 1
3035739 3036516 1
3036516 3037293 1
3038070 3038847 1
3038847 3039624 1
3040401 3041178 1
3041178 3041955 1
3042732 3043509 1
3043509 3044286 1
3045063 3045840 1
3045840 3046617 1
3047394 3048171 1
3048171 3048948 1
3049725 3050502 1
3050502 3051279 1
3052056 3052833 1
3052833 3053610 1
3054387 3055164 1
3055164 3055941 1
3056718 3057495 1
3057495 3058272 1
3059049 3059826 1
3059826 3060603 1
3061380 3062157 1
3062157 3062934 1
3063711 3064488 1
3064488 3065265 1
3066042 3066819 1
3066819 3067596 1
3068373 3069150 1
3069150 3069927 1
3070704 3071481 1
3071481 3072258 1
3073035 3073812 1
3073812 3074589 1
3075366 3076143 1
3076143 3076920 1
3077697 3078474 1
3078474 3079251 1
3080028 3080805 1
3080805 3081582 1
3082359 3083136 1
3083136 3083913 1
3084690 3085467 1
3085467 3086244 1
3087021 3087798 1
3087798 3088575 1
3089352 3090129 1
3090129 3090906 1
3091683 3092460 1
3092460 3093237 1
3094014 3094791 1
3094791 3095568 1
3096345 3097122 1
3097122 3097899 1
3098676 3099453 1
3099453 3100230 1
3101007 3101784 1
3101784 3102561 1
3103338 3104115 1
3104115 3104892 1
3105669 3106446 1
3106446 3107223 1
3108000 3108777 1
3108777 3109554 1
3110331 3111108 1
3111108 3111885 1
3112662 3113439 1
3113439 3114216 1
3114993 3115770 1
3115770 3116547 1
3117324 3118101 1
3118101 3118878 1
3119655 3120432 1
3120432 3121209 1
3121986 3122763 1
3122763 3123540 1
3124317 3125094 1
3125094 3125871 1
3126648 3127425 1
3127425 3128202 1
3128979 3129756 1
3129756 3130533 1
3131310 3132087 1
3132087 3132864 1
3133641 3134418 1
3134418 3135195 1
3135972 3136749 1
3136749 3137526 1
3138303 3139080 1
3139080 3139857 1
3140634 3141411 1
3141411 3142188 1
3142965 3143742 1
3143742 3144519 1
3145296 3146073 1
3146073 3146850 1
3147627 3148404 1
3148404 3149181 1
3149958 3150735 1
3150735 3151512 1
3152289 3153066 1
3153066 3153843 1
3154620 3155397 1
3155397 3156174 1
3156951 3157728 1
3157728 3158505 1
3159282 3160059 1
3160059 3160836 1
3161613 3162390 1
3162390 3163167 1
3163944 3164721 1
3164721 3165498 1
3166275 3167052 1
3167052 3167829 1
3168606 3169383 1
3169383 3170160 1
3170937 3171714 1
3171714 3172491 1
3173268 3174045 1
3174045 3174822 1
3175599 3176376 1
3176376 3177153 1
3177930 3178707 1
3178707 3179484 1
3180261 3181038 1
3181038 3181815 1
3182592 3183369 1
3183369 3184146 1
3184923 3185700 1
3185700 3186477 1
3187254 3188031 1
3188031 3188808 1
3189585 3190362 1
3190362 3191139 1
3191916 3192693 1
3192693 3193470 1
3194247 3195024 1
3195024 3195801 1
3196578 3197355 1
3197355 3198132 1
3198909 3199686 1
3199686 3200463 1
3201240 3202017 1
3202017 3202794 1
3203571 3204348 1
3204348 3205125 1
3205902 3206679 1
3206679 3207456 1
3208233 3209010 1
3209010 3209787 1
3210564 3211341 1
3211341 3212118 1
3212895 3213672 1
3213672 3214449 1
3215226 3216003 1
3216003 3216780 1
3217557 3218334 1
3218334 3219111 1
3219888 3220665 1
3220665 3221442 1
3222219 3222996 1
3222996 3223773 1
3224550 3225327 1
3225327 3226104 1
3226881 3227658 1
3227658 3228435 1
3229212 3229989 1
3229989 3230766 1
3231543 3232320 1
3232320 3233097 1
3233874 3234651 1
3234651 3235428 1
3236205 3236982 1
3236982 3237759 1
3238536 3239313 1
3239313 3240090 1
3240867 3241644 1
3241644 3242421 1
3243198 3243975 1
3243975 3244752 1
3245529 3246306 1
3246306 3247083 1
3247860 3248637 1
3248637 3249414 1
3250191 3250968 1
3250968 3251745 1
3252522 3253299 1
3253299 3254076 1
3254853 3255630 1
3255630 3256407 1
3257184 3257961 1
3257961 3258738 1
3259515 3260292 1
3260292 3261069 1
3261846 3262623 1
3262623 3263400 1
3264177 3264954 1
3264954 3265731 1
3266508 3267285 1
3267285 3268062 1
3268839 3269616 1
3269616 3270393 1
3271170 3271947 1
3271947 3272724 1
3273501 3274278 1
3274278 3275055 1
3275832 3276609 1
3276609 3277386 1
3278163 3278940 1
3278940 3279717 1
3280494 3281271 1
3281271 3282048 1
3282825 3283602 1
3283602 3284379 1
3285156 3285933 1
3285933 3286710 1
3287487 3288264 1
3288264 3289041 1
3289818 3290595 1
3290595 3291372 1
3292149 3292926 1
3292926 3293703 1
3294480 3295257 1
3295257 3296034 1
3296811 3297588 1
3297588 3298365 1
3299142 3299919 1
3299919 3300696 1
3301473 3302250 1
3302250 3303027 1
3303804 3304581 1
3304581 3305358 1
3306135 3306912 1
3306912 3307689 1
3308466 3309243 1
3309243 3310020 1
3310797 3311574 1
3311574 3312351 1
3313128 3313905 1
3313905 3314682 1
3315459 3316236 1
3316236 3317013 1
3317790 3318567 1
3318567 3319344 1
3320121 3320898 1
3320898 3321675 1
3322452 3323229 1
3323229 3324006 1
3324783 3325560 1
3325560 3326337 1
3327114 3327891 1
3327891 3328668 1
3329445 3330222 1
3330222 3330999 1
3331776 3332553 1
3332553 3333330 1
3334107 3334884 1
3334884 3335661 1
3336438 3337215 1
3337215 3337992 1
3338769 3339546 1
3339546 3340323 1
3341100 3341877 1
3341877 3342654 1
3343431 3344208 1
3344208 3344985 1
3345762 3346539 1
3346539 3347316 1
3348093 3348870 1
3348870 3349647 1
3350424 3351201 1
3351201 3351978 1
3352755 3353532 1
3353532 3354309 1
3355086 3355863 1
3355863 3356640 1
3357417 3358194 1
3358194 3358971 1
3359748 3360525 1
3360525 3361302 1
3362079 3362856 1
3362856 3363633 1
3364410 3365187 1
3365187 3365964 1
3366741 3367518 1
3367518 3368295 1
3369072 3369849 1
3369849 3370626 1
3371403 3372180 1
3372180 3372957 1
3373734 3374511 1
3374511 3375288 1
3376065 3376842 1
3376842 3377619 1
3378396 3379173 1
3379173 3379950 1
3380727 3381504 1
3381504 3382281 1
3383058 3383835 1
3383835 3384612 1
3385389 3386166 1
3386166 3386943 1
3387720 3388497 1
3388497 3389274 1
3390051 3390828 1
3390828 3391605 1
3392382 3393159 1
3393159 3393936 1
3394713 3395490 1
3395490 3396267 1
3397044 3397821 1
3397821 3398598 1
3399375 3400152 1
3400152 3400929 1
3401706 3402483 1
3402483 3403260 1
3404037 3404814 1
3404814 3405591 1
3406368 3407145 1
3407145 3407922 1
3408699 3409476 1
3409476 3410253 1
3411030 3411807 1
3411807 3412584 1
3413361 3414138 1
3414138 3414915 1
3415692 3416469 1
3416469 3417246 1
3418023 3418800 1
3418800 3419577 1
3420354 3421131 1
3421131 3421908 1
3422685 3423462 1
3423462 3424239 1
3425016 3425793 1
3425793 3426570 1
3427347 3428124 1
3428124 3428901 1
3429678 3430455 1
3430455 3431232 1
3432009 3432786 1
3432786 3433563 1
3434340 3435117 1
3435117 3435894 1
3436671 3437448 1
3437448 3438225 1
3439002 3439779 1
3439779 3440556 1
3441333 3442110 1
3442110 3442887 1
3443664 3444441 1
3444441 3445218 1
3445995 3446772 1
3446772 3447549 1
3448326 3449103 1
3449103 3449880 1
3450657 3451434 1
3451434 3452211 1
3452988 3453765 1
3453765 3454542 1
3455319 3456096 1
3456096 3456873 1
3457650 3458427 1
3458427 3459204 1
3459981 3460758 1
3460758 3461535 1
3462312 3463089 1
3463089 3463866 1
3464643 3465420 1
3465420 3466197 1
3466974 3467751 1
3467751 3468528 1
3469305 3470082 1
3470082 3470859 1
3471636 3472413 1
3472413 3473190 1
3473967 3474744 1
3474744 3475521 1
3476298 3477075 1
3477075 3477852 1
3478629 3479406 1
3479406 3480183 1
3480960 3481737 1
3481737 3482514 1
3483291 3484068 1
3484068 3484845 1
3485622 3486399 1
3486399 3487176 1
3487953 3488730 1
3488730 3489507 1
3490284 3491061 1
3491061 3491838 1
3492615 3493392 1
3493392 3494169 1
3494946 3495723 1
3495723 3496500 1
3497277 3498054 1
3498054 3498831 1
3499608 3500385 1
3500385 3501162 1
3501939 3502716 1
3502716 3503493 1
3504270 3505047 1
3505047 3505824 1
3506601 3507378 1
3507378 3508155 1
3508932 3509709 1
3509709 3510486 1
3511263 3512040 1
3512040 3512817 1
3513594 3514371 1
3514371 3515148 1
3515925 3516702 1
3516702 3517479 1
3518256 3519033 1
3519033 3519810 1
3520587 3521364 1
3521364 3522141 1
3522918 3523695 1
3523695 3524472 1
3525249 3526026 1
3526026 3526803 1
3527580 3528357 1
3528357 3529134 1
3529911 3530688 1
3530688 3531465 1
3532242 3533019 1
3533019 3533796 1
3534573 3535350 1
3535350 3536127 1
3536904 3537681 1
3537681 3538458 1
3539235 3540012 1
3540012 3540789 1
3541566 3542343 1
3542343 3543120 1
3543897 3544674 1
3544674 3545451 1
3546228 3547005 1
3547005 3547782 1
3548559 3549336 1
3549336 3550113 1
3550890 3551667 1
3551667 3552444 1
3553221 3553998 1
3553998 3554775 1
3555552 3556329 1
3556329 3557106 1
3557883 3558660 1
3558660 3559437 1
3560214 3560991 1
3560991 3561768 1
3562545 3563322 1
3563322 3564099 1
3564876 3565653 1
3565653 3566430 1
3567207 3567984 1
3567984 3568761 1
3569538 3570315 1
3570315 3571092 1
3571869 3572646 1
3572646 3573423 1
3574200 3574977 1
3574977 3575754 1
3576531 3577308 1
3577308 3578085 1
3578862 3579639 1
3579639 3580416 1
3581193 3581970 1
3581970 3582747 1
3583524 3584301 1
3584301 3585078 1
3585855 3586632 1
3586632 3587409 1
3588186 3588963 1
3588963 3589740 1
3590517 3591294 1
3591294 3592071 1
3592848 3593625 1
3593625 3594402 1
3595179 3595956 1
3595956 3596733 1
3597510 3598287 1
3598287 3599064 1
3599841 3600618 1
3600618 3601395 1
3602172 3602949 1
3602949 3603726 1
3604503 3605280 1
3605280 3606057 1
3606834 3607611 1
3607611 3608388 1
3609165 3609942 1
3609942 3610719 1
3611496 3612273 1
3612273 3613050 1
3613827 3614604 1
3614604 3615381 1
3616158 3616935 1
3616935 3617712 1
3618489 3619266 1
3619266 3620043 1
3620820 3621597 1
3621597 3622374 1
3623151 3623928 1
3623928 3624705 1
3625482 3626259 1
3626259 3627036 1
3627813 3628590 1
3628590 3629367 1
3630144 3630921 1
3630921 3631698 1
3632475 3633252 1
3633252 3634029 1
3634806 3635583 1
3635583 3636360 1
3637137 3637914 1
3637914 3638691 1
3639468 3640245 1
3640245 3641022 1
3641799 3642576 1
3642576 3643353 1
3644130 3644907 1
3644907 3645684 1
3646461 3647238 1
3647238 3648015 1
3648792 3649569 1
3649569 3650346 1
3651123 3651900 1
3651900 3652677 1
3653454 3654231 1
3654231 3655008 1
3655785 3656562 1
3656562 3657339 1
3658116 3658893 1
3658893 3659670 1
3660447 3661224 1
3661224 3662001 1
3662778 3663555 1
3663555 3664332 1
3665109 3665886 1
3665886 3666663 1
3667440 3668217 1
3668217 3668994 1
3669771 3670548 1
3670548 3671325 1
3672102 3672879 1
3672879 3673656 1
3674433 3675210 1
3675210 3675987 1
3676764 3677541 1
3677541 3678318 1
3679095 3679872 1
3679872 3680649 1
3681426 3682203 1
3682203 3682980 1
3683757 3684534 1
3684534 3685311 1
3686088 3686865 1
3686865 3687642 1
3688419 3689196 1
3689196 3689973 1
3690750 3691527 1
3691527 3692304 1
3693081 3693858 1
3693858 3694635 1
3695412 3696189 1
3696189 3696966 1
3697743 3698520 1
3698520 3699297 1
3700074 3700851 1
3700851 3701628 1
3702405 3703182 1
3703182 3703959 1
3704736 3705513 1
3705513 3706290 1
3707067 3707844 1
3707844 3708621 1
3709398 3710175 1
3710175 3710952 1
3711729 3712506 1
3712506 3713283 1
3714060 3714837 1
3714837 3715614 1
3716391 3717168 1
3717168 3717945 1
3718722 3719499 1
3719499 3720276 1
3721053 3721830 1
3721830 3722607 1
3723384 3724161 1
3724161 3724938 1
3725715 3726492 1
3726492 3727269 1
3728046 3728823 1
3728823 3729600 1
3730377 3731154 1
3731154 3731931 1
3732708 3733485 1
3733485 3734262 1
3735039 3735816 1
3735816 3736593 1
3737370 3738147 1
3738147 3738924 1
3739701 3740478 1
3740478 3741255 1
3742032 3742809 1
3742809 3743586 1
3744363 3745140 1
3745140 3745917 1
3746694 3747471 1
3747471 3748248 1
3749025 3749802 1
3749802 3750579 1
3751356 3752133 1
3752133 3752910 1
3753687 3754464 1
3754464 3755241 1
3756018 3756795 1
3756795 3757572 1
3758349 3759126 1
3759126 3759903 1
3760680 3761457 1
3761457 3762234 1
3763011 3763788 1
3763788 3764565 1
3765342 3766119 1
3766119 3766896 1
3767673 3768450 1
3768450 3769227 1
3770004 3770781 1
3770781 3771558 1
3772335 3773112 1
3773112 3773889 1
3774666 3775443 1
3775443 3776220 1
3776997 3777774 1
3777774 3778551 1
3779328 3780105 1
3780105 3780882 1
3781659 3782436 1
3782436 3783213 1
3783990 3784767 1
3784767 3785544 1
3786321 3787098 1
3787098 3787875 1
3788652 3789429 1
3789429 3790206 1
3790983 3791760 1
3791760 3792537 1
3793314 3794091 1
3794091 3794868 1
3795645 3796422 1
3796422 3797199 1
3797976 3798753 1
3798753 3799530 1
3800307 3801084 1
3801084 3801861 1
3802638 3803415 1
3803415 3804192 1
3804969 3805746 1
3805746 3806523 1
3807300 3808077 1
3808077 3808854 1
3809631 3810408 1
3810408 3811185 1
3811962 3812739 1
3812739 3813516 1
3814293 3815070 1
3815070 3815847 1
3816624 3817401 1
3817401 3818178 1
3818955 3819732 1
3819732 3820509 1
3821286 3822063 1
3822063 3822840 1
3823617 3824394 1
3824394 3825171 1
3825948 3826725 1
3826725 3827502 1
3828279 3829056 1
3829056 3829833 1
3830610 3831387 1
3831387 3832164 1
3832941 3833718 1
3833718 3834495 1
3835272 3836049 1
3836049 3836826 1
3837603 3838380 1
3838380 3839157 1
3839934 3840711 1
3840711 3841488 1
3842265 3843042 1
3843042 3843819 1
3844596 3845373 1
3845373 3846150 1
3846927 3847704 1
3847704 3848481 1
3849258 3850035 1
3850035 3850812 1
3851589 3852366 1
3852366 3853143 1
3853920 3854697 1
3854697 3855474 1
3856251 3857028 1
3857028 3857805 1
3858582 3859359 1
3859359 3860136 1
3860913 3861690 1
3861690 3862467 1
3863244 3864021 1
3864021 3864798 1
3865575 3866352 1
3866352 3867129 1
3867906 3868683 1
3868683 3869460 1
3870237 3871014 1
3871014 3871791 1
3872568 3873345 1
3873345 3874122 1
3874899 3875676 1
3875676 3876453 1
3877230 3878007 1
3878007 3878784 1
3879561 3880338 1
3880338 3881115 1
3881892 3882669 1
3882669 3883446 1
3884223 3885000 1
3885000 3885777 1
3886554 3887331 1
3887331 3888108 1
3888885 3889662 1
3889662 3890439 1
3891216 3891993 1
3891993 3892770 1
3893547 3894324 1
3894324 3895101 1
3895878 3896655 1
3896655 3897432 1
3898209 3898986 1
3898986 3899763 1
3900540 3901317 1
3901317 3902094 1
3902871 3903648 1
3903648 3904425 1
3905202 3905979 1
3905979 3906756 1
3907533 3908310 1
3908310 3909087 1
3909864 3910641 1
3910641 3911418 1
3912195 3912972 1
3912972 3913749 1
3914526 3915303 1
3915303 3916080 1
3916857 3917634 1
3917634 3918411 1
3919188 3919965 1
3919965 3920742 1
3921519 3922296 1
3922296 3923073 1
3923850 3924627 1
3924627 3925404 1
3926181 3926958 1
3926958 3927735 1
3928512 3929289 1
3929289 3930066 1
3930843 3931620 1
3931620 3932397 1
3933174 3933951 1
3933951 3934728 1
3935505 3936282 1
3936282 3937059 1
3937836 3938613 1
3938613 3939390 1
3940167 3940944 1
3940944 3941721 1
3942498 3943275 1
3943275 3944052 1
3944829 3945606 1
3945606 3946383 1
3947160 3947937 1
3947937 3948714 1
3949491 3950268 1
3950268 3951045 1
3951822 3952599 1
3952599 3953376 1
3954153 3954930 1
3954930 3955707 1
3956484 3957261 1
3957261 3958038 1
3958815 3959592 1
3959592 3960369 1
3961146 3961923 1
3961923 3962700 1
3963477 3964254 1
3964254 3965031 1
3965808 3966585 1
3966585 3967362 1
3968139 3968916 1
3968916 3969693 1
3970470 3971247 1
3971247 3972024 1
3972801 3973578 1
3973578 3974355 1
3975132 3975909 1
3975909 3976686 1
3977463 3978240 1
3978240 3979017 1
3979794 3980571 1
3980571 3981348 1
3982125 3982902 1
3982902 3983679 1
3984456 3985233 1
3985233 3986010 1
3986787 3987564 1
3987564 3988341 1
3989118 3989895 1
3989895 3990672 1
3991449 3992226 1
3992226 3993003 1
3993780 3994557 1
3994557 3995334 1
3996111 3996888 1
3996888 3997665 1
3998442 3999219 1
3999219 3999996 1
4000773 4001550 1
4001550 4002327 1
4003104 4003881 1
4003881 4004658 1
4005435 4006212 1
4006212 4006989 1
4007766 4008543 1
4008543 4009320 1
4010097 4010874 1
4010874 4011651 1
4012428 4013205 1
4013205 4013982 1
4014759 4015536 1
4015536 4016313 1
4017090 4017867 1
4017867 4018644 1
4019421 4020198 1
4020198 4020975 1
4021752 4022529 1
4022529 4023306 1
4024083 4024860 1
4024860 4025637 1
4026414 4027191 1
4027191 4027968 1
4028745 4029522 1
4029522 4030299 1
4031076 4031853 1
4031853 4032630 1
4033407 4034184 1
4034184 4034961 1
4035738 4036515 1
4036515 4037292 1
4038069 4038846 1
4038846 4039623 1
4040400 4041177 1
4041177 4041954 1
4042731 4043508 1
4043508 4044285 1
4045062 4045839 1
4045839 4046616 1
4047393 4048170 1
4048170 4048947 1
4049724 4050501 1
4050501 4051278 1
4052055 4052832 1
4052832 4053609 1
4054386 4055163 1
4055163 4055940 1
4056717 4057494 1
4057494 4058271 1
4059048 4059825 1
4059825 4060602 1
4061379 4062156 1
4062156 4062933 1
4063710 4064487 1
4064487 4065264 1
4066041 4066818 1
4066818 4067595 1
4068372 4069149 1
4069149 4069926 1
4070703 4071480 1
4071480 4072257 1
4073034 4073811 1
4073811 4074588 1
4075365 4076142 1
4076142 4076919 1
4077696 4078473 1
4078473 4079250 1
4080027 4080804 1
4080804 4081581 1
4082358 4083135 1
4083135 4083912 1
4084689 4085466 1
4085466 4086243 1
4087020 4087797 1
4087797 4088574 1
4089351 4090128 1
4090128 4090905 1
4091682 4092459 1
4092459 4093236 1
4094013 4094790 1
4094790 4095567 1
4096344 4097121 1
4097121 4097898 1
4098675 4099452 1
4099452 4100229 1
4101006 4101783 1
4101783 4102560 1
4103337 4104114 1
4104114 4104891 1
4105668 4106445 1
4106445 4107222 1
4107999 4108776 1
4108776 4109553 1
4110330 4111107 1
4111107 4111884 1
4112661 4113438 1
4113438 4114215 1
4114992 4115769 1
4115769 4116546 1
4117323 4118100 1
4118100 4118877 1
4119654 4120431 1
4120431 4121208 1
4121985 4122762 1
4122762 4123539 1
4124316 4125093 1
4125093 4125870 1
4126647 4127424 1
4127424 4128201 1
4128978 4129755 1
4129755 4130532 1
4131309 4132086 1
4132086 4132863 1
4133640 4134417 1
4134417 4135194 1
4135971 4136748 1
4136748 4137525 1
4138302 4139079 1
4139079 4139856 1
4140633 4141410 1
4141410 4142187 1
4142964 4143741 1
4143741 4144518 1
4145295 4146072 1
4146072 4146849 1
4147626 4148403 1
4148403 4149180 1
4149957 4150734 1
4150734 4151511 1
4152288 4153065 1
4153065 4153842 1
4154619 4155396 1
4155396 4156173 1
4156950 4157727 1
4157727 4158504 1
4159281 4160058 1
4160058 4160835 1
4161612 4162389 1
4162389 4163166 1
4163943 4164720 1
4164720 4165497 1
4166274 4167051 1
4167051 4167828 1
4168605 4169382 1
4169382 4170159 1
4170936 4171713 1
4171713 4172490 1
4173267 4174044 1
4174044 4174821 1
4175598 4176375 1
4176375 4177152 1
4177929 4178706 1
4178706 4179483 1
4180260 4181037 1
4181037 4181814 1
4182591 4183368 1
4183368 4184145 1
4184922 4185699 1
4185699 4186476 1
4187253 4188030 1
4188030 4188807 1
4189584 4190361 1
4190361 4191138 1
4191915 4192692 1
4192692 4193469 1
4194246 4195023 1
4195023 4195800 1
4196577 4197354 1
4197354 4198131 1
4198908 4199685 1
4199685 4200462 1
4201239 4202016 1
4202016 4202793 1
4203570 4204347 1
4204347 4205124 1
4205901 4206678 1
4206678 4207455 1
4208232 4209009 1
4209009 4209786 1
4210563 4211340 1
4211340 4212117 1
4212894 4213671 1
4213671 4214448 1
4215225 4216002 1
4216002 4216779 1
4217556 4218333 1
4218333 4219110 1
4219887 4220664 1
4220664 4221441 1
4222218 4222995 1
4222995 4223772 1
4224549 4225326 1
4225326 4226103 1
4226880 4227657 1
4227657 4228434 1
4229211 4229988 1
4229988 4230765 1
4231542 4232319 1
4232319 4233096 1
4233873 4234650 1
4234650 4235427 1
4236204 4236981 1
4236981 4237758 1
4238535 4239312 1
4239312 4240089 1
4240866 4241643 1
4241643 4242420 1
4243197 4243974 1
4243974 4244751 1
4245528 4246305 1
4246305 4247082 1
4247859 4248636 1
4248636 4249413 1
4250190 4250967 1
4250967 4251744 1
4252521 4253298 1
4253298 4254075 1
4254852 4255629 1
4255629 4256406 1
4257183 4257960 1
4257960 4258737 1
4259514 4260291 1
4260291 4261068 1
4261845 4262622 1
4262622 4263399 1
4264176 4264953 1
4264953 4265730 1
4266507 4267284 1
4267284 4268061 1
4268838 4269615 1
4269615 4270392 1
4271169 4271946 1
4271946 4272723 1
4273500 4274277 1
4274277 4275054 1
4275831 4276608 1
4276608 4277385 1
4278162 4278939 1
4278939 4279716 1
4280493 4281270 1
4281270 4282047 1
4282824 4283601 1
4283601 4284378 1
4285155 4285932 1
4285932 4286709 1
4287486 4288263 1
4288263 4289040 1
4289817 4290594 1
4290594 4291371 1
4292148 4292925 1
4292925 4293702 1
4294479 4295256 1
4295256 4296033 1
4296810 4297587 1
4297587 4298364 1
4299141 4299918 1
4299918 4300695 1
4301472 4302249 1
4302249 4303026 1
4303803 4304580 1
4304580 4305357 1
4306134 4306911 1
4306911 4307688 1
4308465 4309242 1
4309242 4310019 1
4310796 4311573 1
4311573 4312350 1
4313127 4313904 1
4313904 4314681 1
4315458 4316235 1
4316235 4317012 1
4317789 4318566 1
4318566 4319343 1
4320120 4320897 1
4320897 4321674 1
4322451 4323228 1
4323228 4324005 1
4324782 4325559 1
4325559 4326336 1
4327113 4327890 1
4327890 4328667 1
4329444 4330221 1
4330221 4330998 1
4331775 4332552 1
4332552 4333329 1
4334106 4334883 1
4334883 4335660 1
4336437 4337214 1
4337214 4337991 1
4338768 4339545 1
4339545 4340322 1
4341099 4341876 1
4341876 4342653 1
4343430 4344207 1
4344207 4344984 1
4345761 4346538 1
4346538 4347315 1
4348092 4348869 1
4348869 4349646 1
4350423 4351200 1
4351200 4351977 1
4352754 4353531 1
4353531 4354308 1
4355085 4355862 1
4355862 4356639 1
4357416 4358193 1
4358193 4358970 1
4359747 4360524 1
4360524 4361301 1
4362078 4362855 1
4362855 4363632 1
4364409 4365186 1
4365186 4365963 1
4366740 4367517 1
4367517 4368294 1
4369071 4369848 1
4369848 4370625 1
4371402 4372179 1
4372179 4372956 1
4373733 4374510 1
4374510 4375287 1
4376064 4376841 1
4376841 4377618 1
4378395 4379172 1
4379172 4379949 1
4380726 4381503 1
4381503 4382280 1
4383057 4383834 1
4383834 4384611 1
4385388 4386165 1
4386165 4386942 1
4387719 4388496 1
4388496 4389273 1
4390050 4390827 1
4390827 4391604 1
4392381 4393158 1
4393158 4393935 1
4394712 4395489 1
4395489 4396266 1
4397043 4397820 1
4397820 4398597 1
4399374 4400151 1
4400151 4400928 1
4401705 4402482 1
4402482 4403259 1
4404036 4404813 1
4404813 4405590 1
4406367 4407144 1
4407144 4407921 1
4408698 4409475 1
4409475 4410252 1
4411029 4411806 1
4411806 4412583 1
4413360 4414137 1
4414137 4414914 1
4415691 4416468 1
4416468 4417245 1
4418022 4418799 1
4418799 4419576 1
4420353 4421130 1
4421130 4421907 1
4422684 4423461 1
4423461 4424238 1
4425015 4425792 1
4425792 4426569 1
4427346 4428123 1
4428123 4428900 1
4429677 4430454 1
4430454 4431231 1
4432008 4432785 1
4432785 4433562 1
4434339 4435116 1
4435116 4435893 1
4436670 4437447 1
4437447 4438224 1
4439001 4439778 1
4439778 4440555 1
4441332 4442109 1
4442109 4442886 1
4443663 4444440 1
4444440 4445217 1
4445994 4446771 1
4446771 4447548 1
4448325 4449102 1
4449102 4449879 1
4450656 4451433 1
4451433 4452210 1
4452987 4453764 1
4453764 4454541 1
4455318 4456095 1
4456095 4456872 1
4457649 4458426 1
4458426 4459203 1
4459980 4460757 1
4460757 4461534 1
4462311 4463088 1
4463088 4463865 1
4464642 4465419 1
4465419 4466196 1
4466973 4467750 1
4467750 4468527 1
4469304 4470081 1
4470081 4470858 1
4471635 4472412 1
4472412 4473189 1
4473966 4474743 1
4474743 4475520 1
4476297 4477074 1
4477074 4477851 1
4478628 4479405 1
4479405 4480182 1
4480959 4481736 1
4481736 4482513 1
4483290 4484067 1
4484067 4484844 1
4485621 4486398 1
4486398 4487175 1
4487952 4488729 1
4488729 4489506 1
4490283 4491060 1
4491060 4491837 1
4492614 4493391 1
4493391 4494168 1
4494945 4495722 1
4495722 4496499 1
4497276 4498053 1
4498053 4498830 1
4499607 4500384 1
4500384 4501161 1
4501938 4502715 1
4502715 4503492 1
4504269 4505046 1
4505046 4505823 1
4506600 4507377 1
4507377 4508154 1
4508931 4509708 1
4509708 4510485 1
4511262 4512039 1
4512039 4512816 1
4513593 4514370 1
4514370 4515147 1
4515924 4516701 1
4516701 4517478 1
4518255 4519032 1
4519032 4519809 1
4520586 4521363 1
4521363 4522140 1
4522917 4523694 1
4523694 4524471 1
4525248 4526025 1
4526025 4526802 1
4527579 4528356 1
4528356 4529133 1
4529910 4530687 1
4530687 4531464 1
4532241 4533018 1
4533018 4533795 1
4534572 4535349 1
4535349 4536126 1
4536903 4537680 1
4537680 4538457 1
4539234 4540011 1
4540011 4540788 1
4541565 4542342 1
4542342 4543119 1
4543896 4544673 1
4544673 4545450 1
4546227 4547004 1
4547004 4547781 1
4548558 4549335 1
4549335 4550112 1
4550889 4551666 1
4551666 4552443 1
4553220 4553997 1
4553997 4554774 1
4555551 4556328 1
4556328 4557105 1
4557882 4558659 1
4558659 4559436 1
4560213 4560990 1
4560990 4561767 1
4562544 4563321 1
4563321 4564098 1
4564875 4565652 1
4565652 4566429 1
4567206 4567983 1
4567983 4568760 1
4569537 4570314 1
4570314 4571091 1
4571868 4572645 1
4572645 4573422 1
4574199 4574976 1
4574976 4575753 1
4576530 4577307 1
4577307 4578084 1
4578861 4579638 1
4579638 4580415 1
4581192 4581969 1
4581969 4582746 1
4583523 4584300 1
4584300 4585077 1
4585854 4586631 1
4586631 4587408 1
4588185 4588962 1
4588962 4589739 1
4590516 4591293 1
4591293 4592070 1
4592847 4593624 1
4593624 4594401 1
4595178 4595955 1
4595955 4596732 1
4597509 4598286 1
4598286 4599063 1
4599840 4600617 1
4600617 4601394 1
4602171 4602948 1
4602948 4603725 1
4604502 4605279 1
4605279 4606056 1
4606833 4607610 1
4607610 4608387 1
4609164 4609941 1
4609941 4610718 1
4611495 4612272 1
4612272 4613049 1
4613826 4614603 1
4614603 4615380 1
4616157 4616934 1
4616934 4617711 1
4618488 4619265 1
4619265 4620042 1
4620819 4621596 1
4621596 4622373 1
4623150 4623927 1
4623927 4624704 1
4625481 4626258 1
4626258 4627035 1
4627812 4628589 1
4628589 4629366 1
4630143 4630920 1
4630920 4631697 1
4632474 4633251 1
4633251 4634028 1
4634805 4635582 1
4635582 4636359 1
4637136 4637913 1
4637913 4638690 1
4639467 4640244 1
4640244 4641021 1
4641798 4642575 1
4642575 4643352 1
4644129 4644906 1
4644906 4645683 1
4646460 4647237 1
4647237 4648014 1
4648791 4649568 1
4649568 4650345 1
4651122 4651899 1
4651899 4652676 1
4653453 4654230 1
4654230 4655007 1
4655784 4656561 1
4656561 4657338 1
4658115 4658892 1
4658892 4659669 1
4660446 4661223 1
4661223 4662000 1
4662777 4663554 1
4663554 4664331 1
4665108 4665885 1
4665885 4666662 1
4667439 4668216 1
4668216 4668993 1
4669770 4670547 1
4670547 4671324 1
4672101 4672878 1
4672878 4673655 1
4674432 4675209 1
4675209 4675986 1
4676763 4677540 1
4677540 4678317 1
4679094 4679871 1
4679871 4680648 1
4681425 4682202 1
4682202 4682979 1
4683756 4684533 1
4684533 4685310 1
4686087 4686864 1
4686864 4687641 1
4688418 4689195 1
4689195 4689972 1
4690749 4691526 1
4691526 4692303 1
4693080 4693857 1
4693857 4694634 1
4695411 4696188 1
4696188 4696965 1
4697742 4698519 1
4698519 4699296 1
4700073 4700850 1
4700850 4701627 1
4702404 4703181 1
4703181 4703958 1
4704735 4705512 1
4705512 4706289 1
4707066 4707843 1
4707843 4708620 1
4709397 4710174 1
4710174 4710951 1
4711728 4712505 1
4712505 4713282 1
4714059 4714836 1
4714836 4715613 1
4716390 4717167 1
4717167 4717944 1
4718721 4719498 1
4719498 4720275 1
4721052 4721829 1
4721829 4722606 1
4723383 4724160 1
4724160 4724937 1
4725714 4726491 1
4726491 4727268 1
4728045 4728822 1
4728822 4729599 1
4730376 4731153 1
4731153 4731930 1
4732707 4733484 1
4733484 4734261 1
4735038 4735815 1
4735815 4736592 1
4737369 4738146 1
4738146 4738923 1
4739700 4740477 1
4740477 4741254 1
4742031 4742808 1
4742808 4743585 1
4744362 4745139 1
4745139 4745916 1
4746693 4747470 1
4747470 4748247 1
4749024 4749801 1
4749801 4750578 1
4751355 4752132 1
4752132 4752909 1
4753686 4754463 1
4754463 4755240 1
4756017 4756794 1
4756794 4757571 1
4758348 4759125 1
4759125 4759902 1
4760679 4761456 1
4761456 4762233 1
4763010 4763787 1
4763787 4764564 1
4765341 4766118 1
4766118 4766895 1
4767672 4768449 1
4768449 4769226 1
4770003 4770780 1
4770780 4771557 1
4772334 4773111 1
4773111 4773888 1
4774665 4775442 1
4775442 4776219 1
4776996 4777773 1
4777773 4778550 1
4779327 4780104 1
4780104 4780881 1
4781658 4782435 1
4782435 4783212 1
4783989 4784766 1
4784766 4785543 1
4786320 4787097 1
4787097 4787874 1
4788651 4789428 1
4789428 4790205 1
4790982 4791759 1
4791759 4792536 1
4793313 4794090 1
4794090 4794867 1
4795644 4796421 1
4796421 4797198 1
4797975 4798752 1
4798752 4799529 1
4800306 4801083 1
4801083 4801860 1
4802637 4803414 1
4803414 4804191 1
4804968 4805745 1
4805745 4806522 1
4807299 4808076 1
4808076 4808853 1
4809630 4810407 1
4810407 4811184 1
4811961 4812738 1
4812738 4813515 1
4814292 4815069 1
4815069 4815846 1
4816623 4817400 1
4817400 4818177 1
4818954 4819731 1
4819731 4820508 1
4821285 4822062 1
4822062 4822839 1
4823616 4824393 1
4824393 4825170 1
4825947 4826724 1
4826724 4827501 1
4828278 4829055 1
4829055 4829832 1
4830609 4831386 1
4831386 4832163 1
4832940 4833717 1
4833717 4834494 1
4835271 4836048 1
4836048 4836825 1
4837602 4838379 1
4838379 4839156 1
4839933 4840710 1
4840710 4841487 1
4842264 4843041 1
4843041 4843818 1
4844595 4845372 1
4845372 4846149 1
4846926 4847703 1
4847703 4848480 1
4849257 4850034 1
4850034 4850811 1
4851588 4852365 1
4852365 4853142 1
4853919 4854696 1
4854696 4855473 1
4856250 4857027 1
4857027 4857804 1
4858581 4859358 1
4859358 4860135 1
4860912 4861689 1
4861689 4862466 1
4863243 4864020 1
4864020 4864797 1
4865574 4866351 1
4866351 4867128 1
4867905 4868682 1
4868682 4869459 1
4870236 4871013 1
4871013 4871790 1
4872567 4873344 1
4873344 4874121 1
4874898 4875675 1
4875675 4876452 1
4877229 4878006 1
4878006 4878783 1
4879560 4880337 1
4880337 4881114 1
4881891 4882668 1
4882668 4883445 1
4884222 4884999 1
4884999 4885776 1
4886553 4887330 1
4887330 4888107 1
4888884 4889661 1
4889661 4890438 1
4891215 4891992 1
4891992 4892769 1
4893546 4894323 1
4894323 4895100 1
4895877 4896654 1
4896654 4897431 1
4898208 4898985 1
4898985 4899762 1
4900539 4901316 1
4901316 4902093 1
4902870 4903647 1
4903647 4904424 1
4905201 4905978 1
4905978 4906755 1
4907532 4908309 1
4908309 4909086 1
4909863 4910640 1
4910640 4911417 1
4912194 4912971 1
4912971 4913748 1
4914525 4915302 1
4915302 4916079 1
4916856 4917633 1
4917633 4918410 1
4919187 4919964 1
4919964 4920741 1
4921518 4922295 1
4922295 4923072 1
4923849 4924626 1
4924626 4925403 1
4926180 4926957 1
4926957 4927734 1
4928511 4929288 1
4929288 4930065 1
4930842 4931619 1
4931619 4932396 1
4933173 4933950 1
4933950 4934727 1
4935504 4936281 1
4936281 4937058 1
4937835 4938612 1
4938612 4939389 1
4940166 4940943 1
4940943 4941720 1
4942497 4943274 1
4943274 4944051 1
4944828 4945605 1
4945605 4946382 1
4947159 4947936 1
4947936 4948713 1
4949490 4950267 1
4950267 4951044 1
4951821 4952598 1
4952598 4953375 1
4954152 4954929 1
4954929 4955706 1
4956483 4957260 1
4957260 4958037 1
4958814 4959591 1
4959591 4960368 1
4961145 4961922 1
4961922 4962699 1
4963476 4964253 1
4964253 4965030 1
4965807 4966584 1
4966584 4967361 1
4968138 4968915 1
4968915 4969692 1
4970469 4971246 1
4971246 4972023 1
4972800 4973577 1
4973577 4974354 1
4975131 4975908 1
4975908 4976685 1
4977462 4978239 1
4978239 4979016 1
4979793 4980570 1
4980570 4981347 1
4982124 4982901 1
4982901 4983678 1
4984455 4985232 1
4985232 4986009 1
4986786 4987563 1
4987563 4988340 1
4989117 4989894 1
4989894 4990671 1
4991448 4992225 1
4992225 4993002 1
4993779 4994556 1
4994556 4995333 1
4996110 4996887 1
4996887 4997664 1
4998441 4999218 1
4999218 4999995 1
5000772 5001549 1
5001549 5002326 1
5003103 5003880 1
5003880 5004657 1
5005434 5006211 1
5006211 5006988 1
5007765 5008542 1
5008542 5009319 1
5010096 5010873 1
5010873 5011650 1
5012427 5013204 1
5013204 5013981 1
5014758 5015535 1
5015535 5016312 1
5017089 5017866 1
5017866 5018643 1
5019420 5020197 1
5020197 5020974 1
5021751 5022528 1
5022528 5023305 1
5024082 5024859 1
5024859 5025636 1
5026413 5027190 1
5027190 5027967 1
5028744 5029521 1
5029521 5030298 1
5031075 5031852 1
5031852 5032629 1
5033406 5034183 1
5034183 5034960 1
5035737 5036514 1
5036514 5037291 1
5038068 5038845 1
5038845 5039622 1
5040399 5041176 1
5041176 5041953 1
5042730 5043507 1
5043507 5044284 1
5045061 5045838 1
5045838 5046615 1
5047392 5048169 1
5048169 5048946 1
5049723 5050500 1
5050500 5051277 1
5052054 5052831 1
5052831 5053608 1
5054385 5055162 1
5055162 5055939 1
5056716 5057493 1
5057493 5058270 1
5059047 5059824 1
5059824 5060601 1
5061378 5062155 1
5062155 5062932 1
5063709 5064486 1
5064486 5065263 1
5066040 5066817 1
5066817 5067594 1
5068371 5069148 1
5069148 5069925 1
5070702 5071479 1
5071479 5072256 1
5073033 5073810 1
5073810 5074587 1
5075364 5076141 1
5076141 5076918 1
5077695 5078472 1
5078472 5079249 1
5080026 5080803 1
5080803 5081580 1
5082357 5083134 1
5083134 5083911 1
5084688 5085465 1
5085465 5086242 1
5087019 5087796 1
5087796 5088573 1
5089350 5090127 1
5090127 5090904 1
5091681 5092458 1
5092458 5093235 1
5094012 5094789 1
5094789 5095566 1
5096343 5097120 1
5097120 5097897 1
5098674 5099451 1
5099451 5100228 1
5101005 5101782 1
5101782 5102559 1
5103336 5104113 1
5104113 5104890 1
5105667 5106444 1
5106444 5107221 1
5107998 5108775 1
5108775 5109552 1
5110329 5111106 1
5111106 5111883 1
5112660 5113437 1
5113437 5114214 1
5114991 5115768 1
5115768 5116545 1
5117322 5118099 1
5118099 5118876 1
5119653 5120430 1
5120430 5121207 1
5121984 5122761 1
5122761 5123538 1
5124315 5125092 1
5125092 5125869 1
5126646 5127423 1
5127423 5128200 1
5128977 5129754 1
5129754 5130531 1
5131308 5132085 1
5132085 5132862 1
5133639 5134416 1
5134416 5135193 1
5135970 5136747 1
5136747 5137524 1
5138301 5139078 1
5139078 5139855 1
5140632 5141409 1
5141409 5142186 1
5142963 5143740 1
5143740 5144517 1
5145294 5146071 1
5146071 5146848 1
5147625 5148402 1
5148402 5149179 1
5149956 5150733 1
5150733 5151510 1
5152287 5153064 1
5153064 5153841 1
5154618 5155395 1
5155395 5156172 1
5156949 5157726 1
5157726 5158503 1
5159280 5160057 1
5160057 5160834 1
5161611 5162388 1
5162388 5163165 1
5163942 5164719 1
5164719 5165496 1
5166273 5167050 1
5167050 5167827 1
5168604 5169381 1
5169381 5170158 1
5170935 5171712 1
5171712 5172489 1
5173266 5174043 1
5174043 5174820 1
5175597 5176374 1
5176374 5177151 1
5177928 5178705 1
5178705 5179482 1
5180259 5181036 1
5181036 5181813 1
5182590 5183367 1
5183367 5184144 1
5184921 5185698 1
5185698 5186475 1
5187252 5188029 1
5188029 5188806 1
5189583 5190360 1
5190360 5191137 1
5191914 5192691 1
5192691 5193468 1
5194245 5195022 1
5195022 5195799 1
5196576 5197353 1
5197353 5198130 1
5198907 5199684 1
5199684 5200461 1
5201238 5202015 1
5202015 5202792 1
5203569 5204346 1
5204346 5205123 1
5205900 5206677 1
5206677 5207454 1
5208231 5209008 1
5209008 5209785 1
5210562 5211339 1
5211339 5212116 1
5212893 5213670 1
5213670 5214447 1
5215224 5216001 1
5216001 5216778 1
5217555 5218332 1
5218332 5219109 1
5219886 5220663 1
5220663 5221440 1
5222217 5222994 1
5222994 5223771 1
5224548 5225325 1
5225325 5226102 1
5226879 5227656 1
5227656 5228433 1
5229210 5229987 1
5229987 5230764 1
5231541 5232318 1
5232318 5233095 1
5233872 5234649 1
5234649 5235426 1
5236203 5236980 1
5236980 5237757 1
5238534 5239311 1
5239311 5240088 1
5240865 5241642 1
5241642 5242419 1
5243196 5243973 1
5243973 5244750 1
5245527 5246304 1
5246304 5247081 1
5247858 5248635 1
5248635 5249412 1
5250189 5250966 1
5250966 5251743 1
5252520 5253297 1
5253297 5254074 1
5254851 5255628 1
5255628 5256405 1
5257182 5257959 1
5257959 5258736 1
5259513 5260290 1
5260290 5261067 1
5261844 5262621 1
5262621 5263398 1
5264175 5264952 1
5264952 5265729 1
5266506 5267283 1
5267283 5268060 1
5268837 5269614 1
5269614 5270391 1
5271168 5271945 1
5271945 5272722 1
5273499 5274276 1
5274276 5275053 1
5275830 5276607 1
5276607 5277384 1
5278161 5278938 1
5278938 5279715 1
5280492 5281269 1
5281269 5282046 1
5282823 5283600 1
5283600 5284377 1
5285154 5285931 1
5285931 5286708 1
5287485 5288262 1
5288262 5289039 1
5289816 5290593 1
5290593 5291370 1
5292147 5292924 1
5292924 5293701 1
5294478 5295255 1
5295255 5296032 1
5296809 5297586 1
5297586 5298363 1
5299140 5299917 1
5299917 5300694 1
5301471 5302248 1
5302248 5303025 1
5303802 5304579 1
5304579 5305356 1
5306133 5306910 1
5306910 5307687 1
5308464 5309241 1
5309241 5310018 1
5310795 5311572 1
5311572 5312349 1
5313126 5313903 1
5313903 5314680 1
5315457 5316234 1
5316234 5317011 1
5317788 5318565 1
5318565 5319342 1
5320119 5320896 1
5320896 5321673 1
5322450 5323227 1
5323227 5324004 1
5324781 5325558 1
5325558 5326335 1
5327112 5327889 1
5327889 5328666 1
5329443 5330220 1
5330220 5330997 1
5331774 5332551 1
5332551 5333328 1
5334105 5334882 1
5334882 5335659 1
5336436 5337213 1
5337213 5337990 1
5338767 5339544 1
5339544 5340321 1
5341098 5341875 1
5341875 5342652 1
5343429 5344206 1
5344206 5344983 1
5345760 5346537 1
5346537 5347314 1
5348091 5348868 1
5348868 5349645 1
5350422 5351199 1
5351199 5351976 1
5352753 5353530 1
5353530 5354307 1
5355084 5355861 1
5355861 5356638 1
5357415 5358192 1
5358192 5358969 1
5359746 5360523 1
5360523 5361300 1
5362077 5362854 1
5362854 5363631 1
5364408 5365185 1
5365185 5365962 1
5366739 5367516 1
5367516 5368293 1
5369070 5369847 1
5369847 5370624 1
5371401 5372178 1
5372178 5372955 1
5373732 5374509 1
5374509 5375286 1
5376063 5376840 1
5376840 5377617 1
5378394 5379171 1
5379171 5379948 1
5380725 5381502 1
5381502 5382279 1
5383056 5383833 1
5383833 5384610 1
5385387 5386164 1
5386164 5386941 1
5387718 5388495 1
5388495 5389272 1
5390049 5390826 1
5390826 5391603 1
5392380 5393157 1
5393157 5393934 1
5394711 5395488 1
5395488 5396265 1
5397042 5397819 1
5397819 5398596 1
5399373 5400150 1
5400150 5400927 1
5401704 5402481 1
5402481 5403258 1
5404035 5404812 1
5404812 5405589 1
5406366 5407143 1
5407143 5407920 1
5408697 5409474 1
5409474 5410251 1
5411028 5411805 1
5411805 5412582 1
5413359 5414136 1
5414136 5414913 1
5415690 5416467 1
5416467 5417244 1
5418021 5418798 1
5418798 5419575 1
5420352 5421129 1
5421129 5421906 1
5422683 5423460 1
5423460 5424237 1
5425014 5425791 1
5425791 5426568 1
5427345 5428122 1
5428122 5428899 1
5429676 5430453 1
5430453 5431230 1
5432007 5432784 1
5432784 5433561 1
5434338 5435115 1
5435115 5435892 1
5436669 5437446 1
5437446 5438223 1
777 1554 2
1554 2331 2
2331 3108 2
3108 3885 2
3885 4662 2
4662 5439 2
5439 6216 2
6216 6993 2
6993 7770 2
7770 8547 2
8547 9324 2
9324 10101 2
10101 10878 2
10878 11655 2
11655 12432 2
12432 13209 2
13209 13986 2
13986 14763 2
14763 15540 2
15540 16317 2
16317 17094 2
17094 17871 2
17871 18648 2
18648 19425 2
19425 20202 2
20202 20979 2
20979 21756 2
21756 22533 2
22533 23310 2
23310 24087 2
24087 24864 2
24864 25641 2
25641 26418 2
26418 27195 2
27195 27972 2
27972 28749 2
28749 29526 2
29526 30303 2
30303 31080 2
31080 31857 2
31857 32634 2
32634 33411 2
33411 34188 2
34188 34965 2
34965 35742 2
35742 36519 2
36519 37296 2
37296 38073 2
38073 38850 2
38850 39627 2
39627 40404 2
40404 41181 2
41181 41958 2
41958 42735 2
42735 43512 2
43512 44289 2
44289 45066 2
45066 45843 2
45843 46620 2
46620 47397 2
47397 48174 2
48174 48951 2
48951 49728 2
49728 50505 2
50505 51282 2
51282 52059 2
52059 52836 2
52836 53613 2
53613 54390 2
54390 55167 2
55167 55944 2
55944 56721 2
56721 57498 2
57498 58275 2
58275 59052 2
59052 59829 2
59829 60606 2
60606 61383 2
61383 62160 2
62160 62937 2
62937 63714 2
63714 64491 2
64491 65268 2
65268 66045 2
66045 66822 2
66822 67599 2
67599 68376 2
68376 69153 2
69153 69930 2
69930 70707 2
70707 71484 2
71484 72261 2
72261 73038 2
73038 73815 2
73815 74592 2
74592 75369 2
75369 76146 2
76146 76923 2
76923 77700 2
77700 78477 2
78477 79254 2
79254 80031 2
80031 80808 2
80808 81585 2
81585 82362 2
82362 83139 2
83139 83916 2
83916 84693 2
84693 85470 2
85470 86247 2
86247 87024 2
87024 87801 2
87801 88578 2
88578 89355 2
89355 90132 2
90132 90909 2
90909 91686 2
91686 92463 2
92463 93240 2
93240 94017 2
94017 94794 2
94794 95571 2
95571 96348 2
96348 97125 2
97125 97902 2
97902 98679 2
98679 99456 2
99456 100233 2
100233 101010 2
101010 101787 2
101787 102564 2
102564 103341 2
103341 104118 2
104118 104895 2
104895 105672 2
105672 106449 2
106449 107226 2
107226 108003 2
108003 108780 2
108780 109557 2
109557 110334 2
110334 111111 2
111111 111888 2
111888 112665 2
112665 113442 2
113442 114219 2
114219 114996 2
114996 115773 2
115773 116550 2
116550 117327 2
117327 118104 2
118104 118881 2
118881 119658 2
119658 120435 2
120435 121212 2
121212 121989 2
121989 122766 2
122766 123543 2
123543 124320 2
124320 125097 2
125097 125874 2
125874 126651 2
126651 127428 2
127428 128205 2
128205 128982 2
128982 129759 2
129759 130536 2
130536 131313 2
131313 132090 2
132090 132867 2
132867 133644 2
133644 134421 2
134421 135198 2
135198 135975 2
135975 136752 2
136752 137529 2
137529 138306 2
138306 139083 2
139083 139860 2
139860 140637 2
140637 141414 2
141414 142191 2
142191 142968 2
142968 143745 2
143745 144522 2
144522 145299 2
145299 146076 2
146076 146853 2
146853 147630 2
147630 148407 2
148407 149184 2
149184 149961 2
149961 150738 2
150738 151515 2
151515 152292 2
152292 153069 2
153069 153846 2
153846 154623 2
154623 155400 2
155400 156177 2
156177 156954 2
156954 157731 2
157731 158508 2
158508 159285 2
159285 160062 2
160062 160839 2
160839 161616 2
161616 162393 2
162393 163170 2
163170 163947 2
163947 164724 2
164724 165501 2
165501 166278 2
166278 167055 2
167055 167832 2
167832 168609 2
168609 169386 2
169386 170163 2
170163 170940 2
170940 171717 2
171717 172494 2
172494 173271 2
173271 174048 2
174048 174825 2
174825 175602 2
175602 176379 2
176379 177156 2
177156 177933 2
177933 178710 2
178710 179487 2
179487 180264 2
180264 181041 2
181041 181818 2
181818 182595 2
182595 183372 2
183372 184149 2
184149 184926 2
184926 185703 2
185703 186480 2
186480 187257 2
187257 188034 2
188034 188811 2
188811 189588 2
189588 190365 2
190365 191142 2
191142 191919 2
191919 192696 2
192696 193473 2
193473 194250 2
194250 195027 2
195027 195804 2
195804 196581 2
196581 197358 2
197358 198135 2
198135 198912 2
198912 199689 2
199689 200466 2
200466 201243 2
201243 202020 2
202020 202797 2
202797 203574 2
203574 204351 2
204351 205128 2
205128 205905 2
205905 206682 2
206682 207459 2
207459 208236 2
208236 209013 2
209013 209790 2
209790 210567 2
210567 211344 2
211344 212121 2
212121 212898 2
212898 213675 2
213675 214452 2
214452 215229 2
215229 216006 2
216006 216783 2
216783 217560 2
217560 218337 2
218337 219114 2
219114 219891 2
219891 220668 2
220668 221445 2
221445 222222 2
222222 222999 2
222999 223776 2
223776 224553 2
224553 225330 2
225330 226107 2
226107 226884 2
226884 227661 2
227661 228438 2
228438 229215 2
229215 229992 2
229992 230769 2
230769 231546 2
231546 232323 2
232323 233100 2
233100 233877 2
233877 234654 2
234654 235431 2
235431 236208 2
236208 236985 2
236985 237762 2
237762 238539 2
238539 239316 2
239316 240093 2
240093 240870 2
240870 241647 2
241647 242424 2
242424 243201 2
243201 243978 2
243978 244755 2
244755 245532 2
245532 246309 2
246309 247086 2
247086 247863 2
247863 248640 2
248640 249417 2
249417 250194 2
250194 250971 2
250971 251748 2
251748 252525 2
252525 253302 2
253302 254079 2
254079 254856 2
254856 255633 2
255633 256410 2
256410 257187 2
257187 257964 2
257964 258741 2
258741 259518 2
777 1554 2
