3000
777000 776223 1
777000 777 2
777000 775446 1
777000 1554 2
777000 774669 1
777000 2331 2
777000 773892 1
777000 3108 2
777000 773115 1
777000 3885 2
777000 772338 1
777000 4662 2
777000 771561 1
777000 5439 2
777000 770784 1
777000 6216 2
777000 770007 1
777000 6993 2
777000 769230 1
777000 7770 2
777000 768453 1
777000 8547 2
777000 767676 1
777000 9324 2
777000 766899 1
777000 10101 2
777000 766122 1
777000 10878 2
777000 765345 1
777000 11655 2
777000 764568 1
777000 12432 2
777000 763791 1
777000 13209 2
777000 763014 1
777000 13986 2
777000 762237 1
777000 14763 2
777000 761460 1
777000 15540 2
777000 760683 1
777000 16317 2
777000 759906 1
777000 17094 2
777000 759129 1
777000 17871 2
777000 758352 1
777000 18648 2
777000 757575 1
777000 19425 2
777000 756798 1
777000 20202 2
777000 756021 1
777000 20979 2
777000 755244 1
777000 21756 2
777000 754467 1
777000 22533 2
777000 753690 1
777000 23310 2
777000 752913 1
777000 24087 2
777000 752136 1
777000 24864 2
777000 751359 1
777000 25641 2
777000 750582 1
777000 26418 2
777000 749805 1
777000 27195 2
777000 749028 1
777000 27972 2
777000 748251 1
777000 28749 2
777000 747474 1
777000 29526 2
777000 746697 1
777000 30303 2
777000 745920 1
777000 31080 2
777000 745143 1
777000 31857 2
777000 744366 1
777000 32634 2
777000 743589 1
777000 33411 2
777000 742812 1
777000 34188 2
777000 742035 1
777000 34965 2
777000 741258 1
777000 35742 2
777000 740481 1
777000 36519 2
777000 739704 1
777000 37296 2
777000 738927 1
777000 38073 2
777000 738150 1
777000 38850 2
777000 737373 1
777000 39627 2
777000 736596 1
777000 40404 2
777000 735819 1
777000 41181 2
777000 735042 1
777000 41958 2
777000 734265 1
777000 42735 2
777000 733488 1
777000 43512 2
777000 732711 1
777000 44289 2
777000 731934 1
777000 45066 2
777000 731157 1
777000 45843 2
777000 730380 1
777000 46620 2
777000 729603 1
777000 47397 2
777000 728826 1
777000 48174 2
777000 728049 1
777000 48951 2
777000 727272 1
777000 49728 2
777000 726495 1
777000 50505 2
777000 725718 1
777000 51282 2
777000 724941 1
777000 52059 2
777000 724164 1
777000 52836 2
777000 723387 1
777000 53613 2
777000 722610 1
777000 54390 2
777000 721833 1
777000 55167 2
777000 721056 1
777000 55944 2
777000 720279 1
777000 56721 2
777000 719502 1
777000 57498 2
777000 718725 1
777000 58275 2
777000 717948 1
777000 59052 2
777000 717171 1
777000 59829 2
777000 716394 1
777000 60606 2
777000 715617 1
777000 61383 2
777000 714840 1
777000 62160 2
777000 714063 1
777000 62937 2
777000 713286 1
777000 63714 2
777000 712509 1
777000 64491 2
777000 711732 1
777000 65268 2
777000 710955 1
777000 66045 2
777000 710178 1
777000 66822 2
777000 709401 1
777000 67599 2
777000 708624 1
777000 68376 2
777000 707847 1
777000 69153 2
777000 707070 1
777000 69930 2
777000 706293 1
777000 70707 2
777000 705516 1
777000 71484 2
777000 704739 1
777000 72261 2
777000 703962 1
777000 73038 2
777000 703185 1
777000 73815 2
777000 702408 1
777000 74592 2
777000 701631 1
777000 75369 2
777000 700854 1
777000 76146 2
777000 700077 1
777000 76923 2
777000 699300 1
777000 77700 2
777000 698523 1
777000 78477 2
777000 697746 1
777000 79254 2
777000 696969 1
777000 80031 2
777000 696192 1
777000 80808 2
777000 695415 1
777000 81585 2
777000 694638 1
777000 82362 2
777000 693861 1
777000 83139 2
777000 693084 1
777000 83916 2
777000 692307 1
777000 84693 2
777000 691530 1
777000 85470 2
777000 690753 1
777000 86247 2
777000 689976 1
777000 87024 2
777000 689199 1
777000 87801 2
777000 688422 1
777000 88578 2
777000 687645 1
777000 89355 2
777000 686868 1
777000 90132 2
777000 686091 1
777000 90909 2
777000 685314 1
777000 91686 2
777000 684537 1
777000 92463 2
777000 683760 1
777000 93240 2
777000 682983 1
777000 94017 2
777000 682206 1
777000 94794 2
777000 681429 1
777000 95571 2
777000 680652 1
777000 96348 2
777000 679875 1
777000 97125 2
777000 679098 1
777000 97902 2
777000 678321 1
777000 98679 2
777000 677544 1
777000 99456 2
777000 676767 1
777000 100233 2
777000 675990 1
777000 101010 2
777000 675213 1
777000 101787 2
777000 674436 1
777000 102564 2
777000 673659 1
777000 103341 2
777000 672882 1
777000 104118 2
777000 672105 1
777000 104895 2
777000 671328 1
777000 105672 2
777000 670551 1
777000 106449 2
777000 669774 1
777000 107226 2
777000 668997 1
777000 108003 2
777000 668220 1
777000 108780 2
777000 667443 1
777000 109557 2
777000 666666 1
777000 110334 2
777000 665889 1
777000 111111 2
777000 665112 1
777000 111888 2
777000 664335 1
777000 112665 2
777000 663558 1
777000 113442 2
777000 662781 1
777000 114219 2
777000 662004 1
777000 114996 2
777000 661227 1
777000 115773 2
777000 660450 1
777000 116550 2
777000 659673 1
777000 117327 2
777000 658896 1
777000 118104 2
777000 658119 1
777000 118881 2
777000 657342 1
777000 119658 2
777000 656565 1
777000 120435 2
777000 655788 1
777000 121212 2
777000 655011 1
777000 121989 2
777000 654234 1
777000 122766 2
777000 653457 1
777000 123543 2
777000 652680 1
777000 124320 2
777000 651903 1
777000 125097 2
777000 651126 1
777000 125874 2
777000 650349 1
777000 126651 2
777000 649572 1
777000 127428 2
777000 648795 1
777000 128205 2
777000 648018 1
777000 128982 2
777000 647241 1
777000 129759 2
777000 646464 1
777000 130536 2
777000 645687 1
777000 131313 2
777000 644910 1
777000 132090 2
777000 644133 1
777000 132867 2
777000 643356 1
777000 133644 2
777000 642579 1
777000 134421 2
777000 641802 1
777000 135198 2
777000 641025 1
777000 135975 2
777000 640248 1
777000 136752 2
777000 639471 1
777000 137529 2
777000 638694 1
777000 138306 2
777000 637917 1
777000 139083 2
777000 637140 1
777000 139860 2
777000 636363 1
777000 140637 2
777000 635586 1
777000 141414 2
777000 634809 1
777000 142191 2
777000 634032 1
777000 142968 2
777000 633255 1
777000 143745 2
777000 632478 1
777000 144522 2
777000 631701 1
777000 145299 2
777000 630924 1
777000 146076 2
777000 630147 1
777000 146853 2
777000 629370 1
777000 147630 2
777000 628593 1
777000 148407 2
777000 627816 1
777000 149184 2
777000 627039 1
777000 149961 2
777000 626262 1
777000 150738 2
777000 625485 1
777000 151515 2
777000 624708 1
777000 152292 2
777000 623931 1
777000 153069 2
777000 623154 1
777000 153846 2
777000 622377 1
777000 154623 2
777000 621600 1
777000 155400 2
777000 620823 1
777000 156177 2
777000 620046 1
777000 156954 2
777000 619269 1
777000 157731 2
777000 618492 1
777000 158508 2
777000 617715 1
777000 159285 2
777000 616938 1
777000 160062 2
777000 616161 1
777000 160839 2
777000 615384 1
777000 161616 2
777000 614607 1
777000 162393 2
777000 613830 1
777000 163170 2
777000 613053 1
777000 163947 2
777000 612276 1
777000 164724 2
777000 611499 1
777000 165501 2
777000 610722 1
777000 166278 2
777000 609945 1
777000 167055 2
777000 609168 1
777000 167832 2
777000 608391 1
777000 168609 2
777000 607614 1
777000 169386 2
777000 606837 1
777000 170163 2
777000 606060 1
777000 170940 2
777000 605283 1
777000 171717 2
777000 604506 1
777000 172494 2
777000 603729 1
777000 173271 2
777000 602952 1
777000 174048 2
777000 602175 1
777000 174825 2
777000 601398 1
777000 175602 2
777000 600621 1
777000 176379 2
777000 599844 1
777000 177156 2
777000 599067 1
777000 177933 2
777000 598290 1
777000 178710 2
777000 597513 1
777000 179487 2
777000 596736 1
777000 180264 2
777000 595959 1
777000 181041 2
777000 595182 1
777000 181818 2
777000 594405 1
777000 182595 2
777000 593628 1
777000 183372 2
777000 592851 1
777000 184149 2
777000 592074 1
777000 184926 2
777000 591297 1
777000 185703 2
777000 590520 1
777000 186480 2
777000 589743 1
777000 187257 2
777000 588966 1
777000 188034 2
777000 588189 1
777000 188811 2
777000 587412 1
777000 189588 2
777000 586635 1
777000 190365 2
777000 585858 1
777000 191142 2
777000 585081 1
777000 191919 2
777000 584304 1
777000 192696 2
777000 583527 1
777000 193473 2
777000 582750 1
777000 194250 2
777000 581973 1
777000 195027 2
777000 581196 1
777000 195804 2
777000 580419 1
777000 196581 2
777000 579642 1
777000 197358 2
777000 578865 1
777000 198135 2
777000 578088 1
777000 198912 2
777000 577311 1
777000 199689 2
777000 576534 1
777000 200466 2
777000 575757 1
777000 201243 2
777000 574980 1
777000 202020 2
777000 574203 1
777000 202797 2
777000 573426 1
777000 203574 2
777000 572649 1
777000 204351 2
777000 571872 1
777000 205128 2
777000 571095 1
777000 205905 2
777000 570318 1
777000 206682 2
777000 569541 1
777000 207459 2
777000 568764 1
777000 208236 2
777000 567987 1
777000 209013 2
777000 567210 1
777000 209790 2
777000 566433 1
777000 210567 2
777000 565656 1
777000 211344 2
777000 564879 1
777000 212121 2
777000 564102 1
777000 212898 2
777000 563325 1
777000 213675 2
777000 562548 1
777000 214452 2
777000 561771 1
777000 215229 2
777000 560994 1
777000 216006 2
777000 560217 1
777000 216783 2
777000 559440 1
777000 217560 2
777000 558663 1
777000 218337 2
777000 557886 1
777000 219114 2
777000 557109 1
777000 219891 2
777000 556332 1
777000 220668 2
777000 555555 1
777000 221445 2
777000 554778 1
777000 222222 2
777000 554001 1
777000 222999 2
777000 553224 1
777000 223776 2
777000 552447 1
777000 224553 2
777000 551670 1
777000 225330 2
777000 550893 1
777000 226107 2
777000 550116 1
777000 226884 2
777000 549339 1
777000 227661 2
777000 548562 1
777000 228438 2
777000 547785 1
777000 229215 2
777000 547008 1
777000 229992 2
777000 546231 1
777000 230769 2
777000 545454 1
777000 231546 2
777000 544677 1
777000 232323 2
777000 543900 1
777000 233100 2
777000 543123 1
777000 233877 2
777000 542346 1
777000 234654 2
777000 541569 1
777000 235431 2
777000 540792 1
777000 236208 2
777000 540015 1
777000 236985 2
777000 539238 1
777000 237762 2
777000 538461 1
777000 238539 2
777000 537684 1
777000 239316 2
777000 536907 1
777000 240093 2
777000 536130 1
777000 240870 2
777000 535353 1
777000 241647 2
777000 534576 1
777000 242424 2
777000 533799 1
777000 243201 2
777000 533022 1
777000 243978 2
777000 532245 1
777000 244755 2
777000 531468 1
777000 245532 2
777000 530691 1
777000 246309 2
777000 529914 1
777000 247086 2
777000 529137 1
777000 247863 2
777000 528360 1
777000 248640 2
777000 527583 1
777000 249417 2
777000 526806 1
777000 250194 2
777000 526029 1
777000 250971 2
777000 525252 1
777000 251748 2
777000 524475 1
777000 252525 2
777000 523698 1
777000 253302 2
777000 522921 1
777000 254079 2
777000 522144 1
777000 254856 2
777000 521367 1
777000 255633 2
777000 520590 1
777000 256410 2
777000 519813 1
777000 257187 2
777000 519036 1
777000 257964 2
777000 518259 1
777000 258741 2
777000 517482 1
777000 259518 2
777000 516705 1
777000 260295 2
777000 515928 1
777000 261072 2
777000 515151 1
777000 261849 2
777000 514374 1
777000 262626 2
777000 513597 1
777000 263403 2
777000 512820 1
777000 264180 2
777000 512043 1
777000 264957 2
777000 511266 1
777000 265734 2
777000 510489 1
777000 266511 2
777000 509712 1
777000 267288 2
777000 508935 1
777000 268065 2
777000 508158 1
777000 268842 2
777000 507381 1
777000 269619 2
777000 506604 1
777000 270396 2
777000 505827 1
777000 271173 2
777000 505050 1
777000 271950 2
777000 504273 1
777000 272727 2
777000 503496 1
777000 273504 2
777000 502719 1
777000 274281 2
777000 501942 1
777000 275058 2
777000 501165 1
777000 275835 2
777000 500388 1
777000 276612 2
777000 499611 1
777000 277389 2
777000 498834 1
777000 278166 2
777000 498057 1
777000 278943 2
777000 497280 1
777000 279720 2
777000 496503 1
777000 280497 2
777000 495726 1
777000 281274 2
777000 494949 1
777000 282051 2
777000 494172 1
777000 282828 2
777000 493395 1
777000 283605 2
777000 492618 1
777000 284382 2
777000 491841 1
777000 285159 2
777000 491064 1
777000 285936 2
777000 490287 1
777000 286713 2
777000 489510 1
777000 287490 2
777000 488733 1
777000 288267 2
777000 487956 1
777000 289044 2
777000 487179 1
777000 289821 2
777000 486402 1
777000 290598 2
777000 485625 1
777000 291375 2
777000 484848 1
777000 292152 2
777000 484071 1
777000 292929 2
777000 483294 1
777000 293706 2
777000 482517 1
777000 294483 2
777000 481740 1
777000 295260 2
777000 480963 1
777000 296037 2
777000 480186 1
777000 296814 2
777000 479409 1
777000 297591 2
777000 478632 1
777000 298368 2
777000 477855 1
777000 299145 2
777000 477078 1
777000 299922 2
777000 476301 1
777000 300699 2
777000 475524 1
777000 301476 2
777000 474747 1
777000 302253 2
777000 473970 1
777000 303030 2
777000 473193 1
777000 303807 2
777000 472416 1
777000 304584 2
777000 471639 1
777000 305361 2
777000 470862 1
777000 306138 2
777000 470085 1
777000 306915 2
777000 469308 1
777000 307692 2
777000 468531 1
777000 308469 2
777000 467754 1
777000 309246 2
777000 466977 1
777000 310023 2
777000 466200 1
777000 310800 2
777000 465423 1
777000 311577 2
777000 464646 1
777000 312354 2
777000 463869 1
777000 313131 2
777000 463092 1
777000 313908 2
777000 462315 1
777000 314685 2
777000 461538 1
777000 315462 2
777000 460761 1
777000 316239 2
777000 459984 1
777000 317016 2
777000 459207 1
777000 317793 2
777000 458430 1
777000 318570 2
777000 457653 1
777000 319347 2
777000 456876 1
777000 320124 2
777000 456099 1
777000 320901 2
777000 455322 1
777000 321678 2
777000 454545 1
777000 322455 2
777000 453768 1
777000 323232 2
777000 452991 1
777000 324009 2
777000 452214 1
777000 324786 2
777000 451437 1
777000 325563 2
777000 450660 1
777000 326340 2
777000 449883 1
777000 327117 2
777000 449106 1
777000 327894 2
777000 448329 1
777000 328671 2
777000 447552 1
777000 329448 2
777000 446775 1
777000 330225 2
777000 445998 1
777000 331002 2
777000 445221 1
777000 331779 2
777000 444444 1
777000 332556 2
777000 443667 1
777000 333333 2
777000 442890 1
777000 334110 2
777000 442113 1
777000 334887 2
777000 441336 1
777000 335664 2
777000 440559 1
777000 336441 2
777000 439782 1
777000 337218 2
777000 439005 1
777000 337995 2
777000 438228 1
777000 338772 2
777000 437451 1
777000 339549 2
777000 436674 1
777000 340326 2
777000 435897 1
777000 341103 2
777000 435120 1
777000 341880 2
777000 434343 1
777000 342657 2
777000 433566 1
777000 343434 2
777000 432789 1
777000 344211 2
777000 432012 1
777000 344988 2
777000 431235 1
777000 345765 2
777000 430458 1
777000 346542 2
777000 429681 1
777000 347319 2
777000 428904 1
777000 348096 2
777000 428127 1
777000 348873 2
777000 427350 1
777000 349650 2
777000 426573 1
777000 350427 2
777000 425796 1
777000 351204 2
777000 425019 1
777000 351981 2
777000 424242 1
777000 352758 2
777000 423465 1
777000 353535 2
777000 422688 1
777000 354312 2
777000 421911 1
777000 355089 2
777000 421134 1
777000 355866 2
777000 420357 1
777000 356643 2
777000 419580 1
777000 357420 2
777000 418803 1
777000 358197 2
777000 418026 1
777000 358974 2
777000 417249 1
777000 359751 2
777000 416472 1
777000 360528 2
777000 415695 1
777000 361305 2
777000 414918 1
777000 362082 2
777000 414141 1
777000 362859 2
777000 413364 1
777000 363636 2
777000 412587 1
777000 364413 2
777000 411810 1
777000 365190 2
777000 411033 1
777000 365967 2
777000 410256 1
777000 366744 2
777000 409479 1
777000 367521 2
777000 408702 1
777000 368298 2
777000 407925 1
777000 369075 2
777000 407148 1
777000 369852 2
777000 406371 1
777000 370629 2
777000 405594 1
777000 371406 2
777000 404817 1
777000 372183 2
777000 404040 1
777000 372960 2
777000 403263 1
777000 373737 2
777000 402486 1
777000 374514 2
777000 401709 1
777000 375291 2
777000 400932 1
777000 376068 2
777000 400155 1
777000 376845 2
777000 399378 1
777000 377622 2
777000 398601 1
777000 378399 2
777000 397824 1
777000 379176 2
777000 397047 1
777000 379953 2
777000 396270 1
777000 380730 2
777000 395493 1
777000 381507 2
777000 394716 1
777000 382284 2
777000 393939 1
777000 383061 2
777000 393162 1
777000 383838 2
777000 392385 1
777000 384615 2
777000 391608 1
777000 385392 2
777000 390831 1
777000 386169 2
777000 390054 1
777000 386946 2
777000 389277 1
777000 387723 2
777000 388500 1
777000 388500 2
777000 387723 1
777000 389277 2
777000 386946 1
777000 390054 2
777000 386169 1
777000 390831 2
777000 385392 1
777000 391608 2
777000 384615 1
777000 392385 2
777000 383838 1
777000 393162 2
777000 383061 1
777000 393939 2
777000 382284 1
777000 394716 2
777000 381507 1
777000 395493 2
777000 380730 1
777000 396270 2
777000 379953 1
777000 397047 2
777000 379176 1
777000 397824 2
777000 378399 1
777000 398601 2
777000 377622 1
777000 399378 2
777000 376845 1
777000 400155 2
777000 376068 1
777000 400932 2
777000 375291 1
777000 401709 2
777000 374514 1
777000 402486 2
777000 373737 1
777000 403263 2
777000 372960 1
777000 404040 2
777000 372183 1
777000 404817 2
777000 371406 1
777000 405594 2
777000 370629 1
777000 406371 2
777000 369852 1
777000 407148 2
777000 369075 1
777000 407925 2
777000 368298 1
777000 408702 2
777000 367521 1
777000 409479 2
777000 366744 1
777000 410256 2
777000 365967 1
777000 411033 2
777000 365190 1
777000 411810 2
777000 364413 1
777000 412587 2
777000 363636 1
777000 413364 2
777000 362859 1
777000 414141 2
777000 362082 1
777000 414918 2
777000 361305 1
777000 415695 2
777000 360528 1
777000 416472 2
777000 359751 1
777000 417249 2
777000 358974 1
777000 418026 2
777000 358197 1
777000 418803 2
777000 357420 1
777000 419580 2
777000 356643 1
777000 420357 2
777000 355866 1
777000 421134 2
777000 355089 1
777000 421911 2
777000 354312 1
777000 422688 2
777000 353535 1
777000 423465 2
777000 352758 1
777000 424242 2
777000 351981 1
777000 425019 2
777000 351204 1
777000 425796 2
777000 350427 1
777000 426573 2
777000 349650 1
777000 427350 2
777000 348873 1
777000 428127 2
777000 348096 1
777000 428904 2
777000 347319 1
777000 429681 2
777000 346542 1
777000 430458 2
777000 345765 1
777000 431235 2
777000 344988 1
777000 432012 2
777000 344211 1
777000 432789 2
777000 343434 1
777000 433566 2
777000 342657 1
777000 434343 2
777000 341880 1
777000 435120 2
777000 341103 1
777000 435897 2
777000 340326 1
777000 436674 2
777000 339549 1
777000 437451 2
777000 338772 1
777000 438228 2
777000 337995 1
777000 439005 2
777000 337218 1
777000 439782 2
777000 336441 1
777000 440559 2
777000 335664 1
777000 441336 2
777000 334887 1
777000 442113 2
777000 334110 1
777000 442890 2
777000 333333 1
777000 443667 2
777000 332556 1
777000 444444 2
777000 331779 1
777000 445221 2
777000 331002 1
777000 445998 2
777000 330225 1
777000 446775 2
777000 329448 1
777000 447552 2
777000 328671 1
777000 448329 2
777000 327894 1
777000 449106 2
777000 327117 1
777000 449883 2
777000 326340 1
777000 450660 2
777000 325563 1
777000 451437 2
777000 324786 1
777000 452214 2
777000 324009 1
777000 452991 2
777000 323232 1
777000 453768 2
777000 322455 1
777000 454545 2
777000 321678 1
777000 455322 2
777000 320901 1
777000 456099 2
777000 320124 1
777000 456876 2
777000 319347 1
777000 457653 2
777000 318570 1
777000 458430 2
777000 317793 1
777000 459207 2
777000 317016 1
777000 459984 2
777000 316239 1
777000 460761 2
777000 315462 1
777000 461538 2
777000 314685 1
777000 462315 2
777000 313908 1
777000 463092 2
777000 313131 1
777000 463869 2
777000 312354 1
777000 464646 2
777000 311577 1
777000 465423 2
777000 310800 1
777000 466200 2
777000 310023 1
777000 466977 2
777000 309246 1
777000 467754 2
777000 308469 1
777000 468531 2
777000 307692 1
777000 469308 2
777000 306915 1
777000 470085 2
777000 306138 1
777000 470862 2
777000 305361 1
777000 471639 2
777000 304584 1
777000 472416 2
777000 303807 1
777000 473193 2
777000 303030 1
777000 473970 2
777000 302253 1
777000 474747 2
777000 301476 1
777000 475524 2
777000 300699 1
777000 476301 2
777000 299922 1
777000 477078 2
777000 299145 1
777000 477855 2
777000 298368 1
777000 478632 2
777000 297591 1
777000 479409 2
777000 296814 1
777000 480186 2
777000 296037 1
777000 480963 2
777000 295260 1
777000 481740 2
777000 294483 1
777000 482517 2
777000 293706 1
777000 483294 2
777000 292929 1
777000 484071 2
777000 292152 1
777000 484848 2
777000 291375 1
777000 485625 2
777000 290598 1
777000 486402 2
777000 289821 1
777000 487179 2
777000 289044 1
777000 487956 2
777000 288267 1
777000 488733 2
777000 287490 1
777000 489510 2
777000 286713 1
777000 490287 2
777000 285936 1
777000 491064 2
777000 285159 1
777000 491841 2
777000 284382 1
777000 492618 2
777000 283605 1
777000 493395 2
777000 282828 1
777000 494172 2
777000 282051 1
777000 494949 2
777000 281274 1
777000 495726 2
777000 280497 1
777000 496503 2
777000 279720 1
777000 497280 2
777000 278943 1
777000 498057 2
777000 278166 1
777000 498834 2
777000 277389 1
777000 499611 2
777000 276612 1
777000 500388 2
777000 275835 1
777000 501165 2
777000 275058 1
777000 501942 2
777000 274281 1
777000 502719 2
777000 273504 1
777000 503496 2
777000 272727 1
777000 504273 2
777000 271950 1
777000 505050 2
777000 271173 1
777000 505827 2
777000 270396 1
777000 506604 2
777000 269619 1
777000 507381 2
777000 268842 1
777000 508158 2
777000 268065 1
777000 508935 2
777000 267288 1
777000 509712 2
777000 266511 1
777000 510489 2
777000 265734 1
777000 511266 2
777000 264957 1
777000 512043 2
777000 264180 1
777000 512820 2
777000 263403 1
777000 513597 2
777000 262626 1
777000 514374 2
777000 261849 1
777000 515151 2
777000 261072 1
777000 515928 2
777000 260295 1
777000 516705 2
777000 259518 1
777000 517482 2
777000 258741 1
777000 518259 2
777000 257964 1
777000 519036 2
777000 257187 1
777000 519813 2
777000 256410 1
777000 520590 2
777000 255633 1
777000 521367 2
777000 254856 1
777000 522144 2
777000 254079 1
777000 522921 2
777000 253302 1
777000 523698 2
777000 252525 1
777000 524475 2
777000 251748 1
777000 525252 2
777000 250971 1
777000 526029 2
777000 250194 1
777000 526806 2
777000 249417 1
777000 527583 2
777000 248640 1
777000 528360 2
777000 247863 1
777000 529137 2
777000 247086 1
777000 529914 2
777000 246309 1
777000 530691 2
777000 245532 1
777000 531468 2
777000 244755 1
777000 532245 2
777000 243978 1
777000 533022 2
777000 243201 1
777000 533799 2
777000 242424 1
777000 534576 2
777000 241647 1
777000 535353 2
777000 240870 1
777000 536130 2
777000 240093 1
777000 536907 2
777000 239316 1
777000 537684 2
777000 238539 1
777000 538461 2
777000 237762 1
777000 539238 2
777000 236985 1
777000 540015 2
777000 236208 1
777000 540792 2
777000 235431 1
777000 541569 2
777000 234654 1
777000 542346 2
777000 233877 1
777000 543123 2
777000 233100 1
777000 543900 2
777000 232323 1
777000 544677 2
777000 231546 1
777000 545454 2
777000 230769 1
777000 546231 2
777000 229992 1
777000 547008 2
777000 229215 1
777000 547785 2
777000 228438 1
777000 548562 2
777000 227661 1
777000 549339 2
777000 226884 1
777000 550116 2
777000 226107 1
777000 550893 2
777000 225330 1
777000 551670 2
777000 224553 1
777000 552447 2
777000 223776 1
777000 553224 2
777000 222999 1
777000 554001 2
777000 222222 1
777000 554778 2
777000 221445 1
777000 555555 2
777000 220668 1
777000 556332 2
777000 219891 1
777000 557109 2
777000 219114 1
777000 557886 2
777000 218337 1
777000 558663 2
777000 217560 1
777000 559440 2
777000 216783 1
777000 560217 2
777000 216006 1
777000 560994 2
777000 215229 1
777000 561771 2
777000 214452 1
777000 562548 2
777000 213675 1
777000 563325 2
777000 212898 1
777000 564102 2
777000 212121 1
777000 564879 2
777000 211344 1
777000 565656 2
777000 210567 1
777000 566433 2
777000 209790 1
777000 567210 2
777000 209013 1
777000 567987 2
777000 208236 1
777000 568764 2
777000 207459 1
777000 569541 2
777000 206682 1
777000 570318 2
777000 205905 1
777000 571095 2
777000 205128 1
777000 571872 2
777000 204351 1
777000 572649 2
777000 203574 1
777000 573426 2
777000 202797 1
777000 574203 2
777000 202020 1
777000 574980 2
777000 201243 1
777000 575757 2
777000 200466 1
777000 576534 2
777000 199689 1
777000 577311 2
777000 198912 1
777000 578088 2
777000 198135 1
777000 578865 2
777000 197358 1
777000 579642 2
777000 196581 1
777000 580419 2
777000 195804 1
777000 581196 2
777000 195027 1
777000 581973 2
777000 194250 1
777000 582750 2
777000 193473 1
777000 583527 2
777000 192696 1
777000 584304 2
777000 191919 1
777000 585081 2
777000 191142 1
777000 585858 2
777000 190365 1
777000 586635 2
777000 189588 1
777000 587412 2
777000 188811 1
777000 588189 2
777000 188034 1
777000 588966 2
777000 187257 1
777000 589743 2
777000 186480 1
777000 590520 2
777000 185703 1
777000 591297 2
777000 184926 1
777000 592074 2
777000 184149 1
777000 592851 2
777000 183372 1
777000 593628 2
777000 182595 1
777000 594405 2
777000 181818 1
777000 595182 2
777000 181041 1
777000 595959 2
777000 180264 1
777000 596736 2
777000 179487 1
777000 597513 2
777000 178710 1
777000 598290 2
777000 177933 1
777000 599067 2
777000 177156 1
777000 599844 2
777000 176379 1
777000 600621 2
777000 175602 1
777000 601398 2
777000 174825 1
777000 602175 2
777000 174048 1
777000 602952 2
777000 173271 1
777000 603729 2
777000 172494 1
777000 604506 2
777000 171717 1
777000 605283 2
777000 170940 1
777000 606060 2
777000 170163 1
777000 606837 2
777000 169386 1
777000 607614 2
777000 168609 1
777000 608391 2
777000 167832 1
777000 609168 2
777000 167055 1
777000 609945 2
777000 166278 1
777000 610722 2
777000 165501 1
777000 611499 2
777000 164724 1
777000 612276 2
777000 163947 1
777000 613053 2
777000 163170 1
777000 613830 2
777000 162393 1
777000 614607 2
777000 161616 1
777000 615384 2
777000 160839 1
777000 616161 2
777000 160062 1
777000 616938 2
777000 159285 1
777000 617715 2
777000 158508 1
777000 618492 2
777000 157731 1
777000 619269 2
777000 156954 1
777000 620046 2
777000 156177 1
777000 620823 2
777000 155400 1
777000 621600 2
777000 154623 1
777000 622377 2
777000 153846 1
777000 623154 2
777000 153069 1
777000 623931 2
777000 152292 1
777000 624708 2
777000 151515 1
777000 625485 2
777000 150738 1
777000 626262 2
777000 149961 1
777000 627039 2
777000 149184 1
777000 627816 2
777000 148407 1
777000 628593 2
777000 147630 1
777000 629370 2
777000 146853 1
777000 630147 2
777000 146076 1
777000 630924 2
777000 145299 1
777000 631701 2
777000 144522 1
777000 632478 2
777000 143745 1
777000 633255 2
777000 142968 1
777000 634032 2
777000 142191 1
777000 634809 2
777000 141414 1
777000 635586 2
777000 140637 1
777000 636363 2
777000 139860 1
777000 637140 2
777000 139083 1
777000 637917 2
777000 138306 1
777000 638694 2
777000 137529 1
777000 639471 2
777000 136752 1
777000 640248 2
777000 135975 1
777000 641025 2
777000 135198 1
777000 641802 2
777000 134421 1
777000 642579 2
777000 133644 1
777000 643356 2
777000 132867 1
777000 644133 2
777000 132090 1
777000 644910 2
777000 131313 1
777000 645687 2
777000 130536 1
777000 646464 2
777000 129759 1
777000 647241 2
777000 128982 1
777000 648018 2
777000 128205 1
777000 648795 2
777000 127428 1
777000 649572 2
777000 126651 1
777000 650349 2
777000 125874 1
777000 651126 2
777000 125097 1
777000 651903 2
777000 124320 1
777000 652680 2
777000 123543 1
777000 653457 2
777000 122766 1
777000 654234 2
777000 121989 1
777000 655011 2
777000 121212 1
777000 655788 2
777000 120435 1
777000 656565 2
777000 119658 1
777000 657342 2
777000 118881 1
777000 658119 2
777000 118104 1
777000 658896 2
777000 117327 1
777000 659673 2
777000 116550 1
777000 660450 2
777000 115773 1
777000 661227 2
777000 114996 1
777000 662004 2
777000 114219 1
777000 662781 2
777000 113442 1
777000 663558 2
777000 112665 1
777000 664335 2
777000 111888 1
777000 665112 2
777000 111111 1
777000 665889 2
777000 110334 1
777000 666666 2
777000 109557 1
777000 667443 2
777000 108780 1
777000 668220 2
777000 108003 1
777000 668997 2
777000 107226 1
777000 669774 2
777000 106449 1
777000 670551 2
777000 105672 1
777000 671328 2
777000 104895 1
777000 672105 2
777000 104118 1
777000 672882 2
777000 103341 1
777000 673659 2
777000 102564 1
777000 674436 2
777000 101787 1
777000 675213 2
777000 101010 1
777000 675990 2
777000 100233 1
777000 676767 2
777000 99456 1
777000 677544 2
777000 98679 1
777000 678321 2
777000 97902 1
777000 679098 2
777000 97125 1
777000 679875 2
777000 96348 1
777000 680652 2
777000 95571 1
777000 681429 2
777000 94794 1
777000 682206 2
777000 94017 1
777000 682983 2
777000 93240 1
777000 683760 2
777000 92463 1
777000 684537 2
777000 91686 1
777000 685314 2
777000 90909 1
777000 686091 2
777000 90132 1
777000 686868 2
777000 89355 1
777000 687645 2
777000 88578 1
777000 688422 2
777000 87801 1
777000 689199 2
777000 87024 1
777000 689976 2
777000 86247 1
777000 690753 2
777000 85470 1
777000 691530 2
777000 84693 1
777000 692307 2
777000 83916 1
777000 693084 2
777000 83139 1
777000 693861 2
777000 82362 1
777000 694638 2
777000 81585 1
777000 695415 2
777000 80808 1
777000 696192 2
777000 80031 1
777000 696969 2
777000 79254 1
777000 697746 2
777000 78477 1
777000 698523 2
777000 77700 1
777000 699300 2
777000 76923 1
777000 700077 2
777000 76146 1
777000 700854 2
777000 75369 1
777000 701631 2
777000 74592 1
777000 702408 2
777000 73815 1
777000 703185 2
777000 73038 1
777000 703962 2
777000 72261 1
777000 704739 2
777000 71484 1
777000 705516 2
777000 70707 1
777000 706293 2
777000 69930 1
777000 707070 2
777000 69153 1
777000 707847 2
777000 68376 1
777000 708624 2
777000 67599 1
777000 709401 2
777000 66822 1
777000 710178 2
777000 66045 1
777000 710955 2
777000 65268 1
777000 711732 2
777000 64491 1
777000 712509 2
777000 63714 1
777000 713286 2
777000 62937 1
777000 714063 2
777000 62160 1
777000 714840 2
777000 61383 1
777000 715617 2
777000 60606 1
777000 716394 2
777000 59829 1
777000 717171 2
777000 59052 1
777000 717948 2
777000 58275 1
777000 718725 2
777000 57498 1
777000 719502 2
777000 56721 1
777000 720279 2
777000 55944 1
777000 721056 2
777000 55167 1
777000 721833 2
777000 54390 1
777000 722610 2
777000 53613 1
777000 723387 2
777000 52836 1
777000 724164 2
777000 52059 1
777000 724941 2
777000 51282 1
777000 725718 2
777000 50505 1
777000 726495 2
777000 49728 1
777000 727272 2
777000 48951 1
777000 728049 2
777000 48174 1
777000 728826 2
777000 47397 1
777000 729603 2
777000 46620 1
777000 730380 2
777000 45843 1
777000 731157 2
777000 45066 1
777000 731934 2
777000 44289 1
777000 732711 2
777000 43512 1
777000 733488 2
777000 42735 1
777000 734265 2
777000 41958 1
777000 735042 2
777000 41181 1
777000 735819 2
777000 40404 1
777000 736596 2
777000 39627 1
777000 737373 2
777000 38850 1
777000 738150 2
777000 38073 1
777000 738927 2
777000 37296 1
777000 739704 2
777000 36519 1
777000 740481 2
777000 35742 1
777000 741258 2
777000 34965 1
777000 742035 2
777000 34188 1
777000 742812 2
777000 33411 1
777000 743589 2
777000 32634 1
777000 744366 2
777000 31857 1
777000 745143 2
777000 31080 1
777000 745920 2
777000 30303 1
777000 746697 2
777000 29526 1
777000 747474 2
777000 28749 1
777000 748251 2
777000 27972 1
777000 749028 2
777000 27195 1
777000 749805 2
777000 26418 1
777000 750582 2
777000 25641 1
777000 751359 2
777000 24864 1
777000 752136 2
777000 24087 1
777000 752913 2
777000 23310 1
777000 753690 2
777000 22533 1
777000 754467 2
777000 21756 1
777000 755244 2
777000 20979 1
777000 756021 2
777000 20202 1
777000 756798 2
777000 19425 1
777000 757575 2
777000 18648 1
777000 758352 2
777000 17871 1
777000 759129 2
777000 17094 1
777000 759906 2
777000 16317 1
777000 760683 2
777000 15540 1
777000 761460 2
777000 14763 1
777000 762237 2
777000 13986 1
777000 763014 2
777000 13209 1
777000 763791 2
777000 12432 1
777000 764568 2
777000 11655 1
777000 765345 2
777000 10878 1
777000 766122 2
777000 10101 1
777000 766899 2
777000 9324 1
777000 767676 2
777000 8547 1
777000 768453 2
777000 7770 1
777000 769230 2
777000 6993 1
777000 770007 2
777000 6216 1
777000 770784 2
777000 5439 1
777000 771561 2
777000 4662 1
777000 772338 2
777000 3885 1
777000 773115 2
777000 3108 1
777000 773892 2
777000 2331 1
777000 774669 2
777000 1554 1
777000 775446 2
777000 777 1
777000 776223 2
437451 494949 1
438228 404040 2
750582 195804 1
693861 676767 2
255633 374514 1
1554 269619 2
321678 169386 1
678321 435120 2
236985 350427 1
569541 292152 2
13209 111111 2
507381 601398 1
508935 526806 1
292152 135198 1
463092 381507 2
131313 623931 1
410256 93240 1
457653 212121 1
363636 299922 2
286713 703185 1
496503 233877 2
268065 93240 1
379176 118881 2
325563 341103 2
450660 509712 2
139083 672105 2
641802 386946 2
672105 544677 2
717171 673659 2
128205 627039 1
129759 656565 1
480963 720279 1
348096 643356 2
495726 441336 1
236985 456876 1
714840 131313 1
62937 95571 2
721833 262626 1
241647 216783 1
512043 767676 1
278943 140637 1
491064 588189 1
587412 12432 1
554778 130536 2
393939 362082 1
122766 210567 1
514374 426573 1
136752 712509 2
351204 286713 2
472416 23310 1
126651 670551 2
472416 186480 1
278943 529137 2
163170 517482 1
40404 205128 1
573426 348873 2
390831 614607 1
667443 407925 1
540792 170163 1
166278 10101 2
443667 771561 1
389277 140637 1
770007 376068 2
248640 147630 2
554778 430458 2
311577 240093 2
261849 210567 1
614607 127428 2
717948 328671 1
418026 191919 2
635586 366744 2
86247 477078 2
443667 568764 1
514374 640248 1
41181 167832 2
739704 734265 1
139083 362082 1
594405 222999 1
318570 200466 2
482517 478632 2
588189 742035 1
766122 306915 2
424242 763014 2
528360 209790 1
216006 58275 2
171717 11655 2
361305 13986 2
82362 491841 2
101010 228438 1
733488 623931 2
435120 588966 2
510489 283605 1
469308 745920 2
8547 609168 2
257964 204351 1
236208 255633 1
597513 365190 1
359751 716394 1
578865 268065 2
704739 763014 2
230769 157731 2
457653 3885 2
323232 651126 2
376845 647241 1
53613 289044 1
595959 321678 2
73815 239316 2
585858 135198 2
501165 135198 2
662004 485625 1
108003 574980 2
628593 425019 1
712509 686868 1
96348 381507 2
727272 738150 1
66045 490287 1
412587 603729 2
41181 518259 1
363636 578865 2
3885 404817 1
707847 24864 2
323232 567987 2
379176 74592 1
725718 454545 1
729603 770007 1
400155 649572 1
774669 655011 1
274281 292152 2
510489 337218 1
399378 756021 1
761460 533799 1
289044 208236 1
411033 571095 1
132867 139860 2
470085 385392 1
766122 625485 1
95571 55167 2
361305 198912 1
261072 145299 2
553224 729603 2
210567 31857 2
701631 641802 2
516705 541569 2
386169 486402 2
38850 284382 1
386946 645687 1
321678 627816 1
23310 369075 2
111111 419580 1
550116 592851 1
634032 661227 2
674436 313908 2
337218 449883 1
648795 181818 1
634032 419580 1
770007 400155 1
689976 203574 2
512820 544677 2
240093 360528 1
545454 487179 1
52836 393162 2
248640 327894 2
199689 773892 1
770784 139083 2
654234 580419 1
544677 765345 2
699300 498057 2
602175 355866 2
110334 390831 1
666666 752136 2
385392 57498 2
483294 265734 1
630924 362859 2
178710 446775 1
246309 314685 2
696969 26418 2
709401 631701 1
517482 248640 2
644133 327117 2
328671 362859 1
22533 439005 2
402486 64491 1
219891 639471 1
62937 265734 1
334110 162393 1
263403 97902 1
114996 564102 2
755244 9324 1
118104 700854 2
717171 686091 1
82362 732711 1
28749 501942 1
254079 738150 1
564102 480186 2
433566 625485 2
216006 303807 2
268842 325563 1
718725 209790 2
644910 425796 2
750582 374514 2
525252 34965 1
481740 45843 2
435120 402486 1
373737 386169 2
322455 629370 1
756021 539238 2
731934 560994 2
522144 167832 1
702408 652680 2
202020 195027 2
617715 376068 2
679098 613830 2
773115 396270 1
110334 38073 1
508935 173271 2
765345 125097 2
597513 700854 1
499611 85470 1
271950 479409 1
177156 738927 1
637917 771561 2
470862 19425 2
577311 524475 1
389277 203574 1
313908 181041 2
508935 233877 1
487179 366744 2
343434 73038 2
33411 297591 1
710955 408702 1
730380 443667 1
485625 261849 2
324786 604506 1
6216 722610 2
603729 310023 2
382284 416472 1
477855 292929 2
76146 115773 2
700854 64491 2
730380 686091 1
48951 205905 1
771561 241647 1
536907 404040 2
543123 110334 1
574203 376068 2
441336 561771 2
572649 539238 2
678321 350427 2
360528 264180 1
32634 609168 2
432012 393939 2
242424 171717 2
292929 443667 1
654234 709401 1
69930 493395 1
532245 442113 1
705516 19425 2
83916 466200 2
760683 141414 1
311577 770784 2
640248 564102 2
57498 689199 2
615384 108003 2
599844 189588 2
153069 376845 2
663558 676767 2
517482 715617 2
44289 470862 1
264180 334887 1
313131 34965 1
58275 387723 2
211344 10878 1
52836 86247 2
508158 445998 2
514374 682206 2
710955 571872 2
658119 38073 1
86247 627816 1
269619 742035 2
770007 440559 1
516705 704739 1
316239 490287 2
128205 11655 1
761460 564879 2
539238 484071 1
459207 366744 1
412587 291375 1
496503 720279 1
67599 154623 2
127428 29526 2
692307 739704 2
600621 239316 2
368298 766122 2
101787 97125 1
747474 591297 2
295260 149961 2
766899 506604 1
442890 48951 2
4662 481740 2
609945 675990 2
705516 144522 2
397824 487179 1
662781 437451 1
536907 659673 2
185703 466977 2
87801 394716 1
480963 573426 2
188811 234654 2
620823 172494 1
322455 502719 2
248640 625485 2
418026 491064 1
517482 536130 2
146853 23310 2
654234 69930 2
147630 301476 2
27195 71484 2
498057 595959 2
752136 18648 2
668997 747474 2
648018 645687 2
762237 408702 1
316239 484071 2
685314 604506 2
515928 121989 2
111111 508935 2
33411 19425 1
289821 729603 1
700077 365190 2
112665 449883 2
657342 278166 1
378399 393939 2
22533 630147 2
680652 219114 1
113442 344211 1
522921 698523 2
417249 128205 2
244755 752913 1
185703 83139 2
83139 64491 1
748251 365190 1
350427 174048 2
393162 92463 2
518259 413364 1
699300 375291 1
324009 191919 1
402486 5439 2
82362 110334 1
41958 677544 2
472416 5439 1
634809 226107 2
236985 438228 1
526806 156954 1
616938 284382 1
260295 673659 2
584304 509712 1
745920 530691 1
386169 411033 1
500388 463869 1
491841 777 2
149184 644133 2
113442 295260 1
387723 253302 2
136752 551670 1
621600 331002 2
603729 417249 1
294483 689199 1
115773 728049 1
437451 335664 1
222222 159285 2
748251 637140 1
492618 654234 1
464646 557109 2
404040 126651 2
598290 661227 1
375291 716394 1
730380 604506 2
541569 341880 2
300699 289821 2
70707 730380 2
616938 629370 1
728049 417249 2
8547 358197 2
292929 692307 2
613830 616161 2
711732 195027 1
195027 142968 1
87801 550116 2
633255 359751 1
703962 344988 2
300699 169386 2
768453 517482 1
197358 254856 1
559440 249417 1
422688 31857 1
53613 535353 2
553224 83139 2
250194 45066 2
380730 170163 1
390054 2331 1
434343 184149 1
98679 664335 2
777000 420357 2
508935 662781 1
664335 261849 2
193473 567987 1
773115 27195 2
34965 169386 1
389277 600621 2
166278 511266 2
708624 92463 2
556332 582750 2
537684 550116 1
700077 657342 1
775446 310800 1
728826 284382 1
764568 225330 2
574980 206682 2
385392 699300 1
306915 170163 2
447552 658896 1
321678 571095 2
708624 551670 2
177933 764568 1
483294 204351 1
457653 111888 1
640248 273504 1
456099 519813 1
501942 683760 1
348096 508935 1
727272 266511 2
440559 312354 1
316239 479409 1
15540 735819 1
250194 589743 1
545454 705516 1
600621 122766 2
463092 647241 2
60606 606060 2
284382 470862 1
341103 285936 2
567210 651903 2
636363 393162 2
583527 430458 2
445221 248640 2
466200 436674 1
574980 426573 1
231546 525252 2
552447 452214 1
571095 686868 1
135198 132090 2
571095 768453 1
372183 500388 1
301476 293706 1
679098 756798 2
69930 601398 1
754467 495726 1
43512 376845 1
350427 335664 2
273504 691530 1
677544 564102 1
714840 215229 2
534576 575757 1
491841 547785 2
490287 630924 2
173271 699300 2
519036 618492 2
9324 244755 1
220668 358974 1
655011 11655 2
722610 213675 1
317793 27972 2
581196 130536 2
456099 632478 2
80031 96348 1
132867 272727 1
508158 274281 2
748251 353535 1
557886 722610 1
174825 602175 2
51282 591297 2
348873 753690 1
122766 759906 1
752913 257964 2
504273 84693 1
411810 769230 2
732711 766122 1
205128 478632 1
91686 122766 2
777 674436 2
620823 609945 2
147630 474747 2
41181 449883 1
257964 9324 2
181818 367521 1
344988 581196 2
306138 207459 1
57498 408702 1
422688 620046 1
407925 696192 2
163947 764568 1
468531 360528 1
373737 612276 1
73038 172494 2
439782 371406 2
546231 235431 1
15540 690753 2
119658 121212 1
420357 362859 1
580419 337995 2
718725 108780 1
728049 685314 2
607614 94017 1
395493 605283 2
66822 106449 2
497280 62160 1
80808 740481 1
671328 643356 1
625485 623931 2
307692 668220 2
14763 179487 2
685314 550116 1
396270 188034 2
102564 78477 2
186480 253302 2
80031 71484 1
446775 135975 2
150738 493395 2
388500 487179 1
766899 19425 1
169386 575757 1
686091 769230 1
206682 707070 2
635586 6993 1
524475 513597 2
225330 501942 1
130536 240870 1
447552 711732 1
73815 35742 1
62937 775446 1
181041 213675 2
417249 428127 2
678321 278166 1
83139 375291 2
181041 125874 2
480186 744366 2
278943 221445 1
770007 448329 2
584304 264957 2
578865 613830 2
126651 433566 1
63714 481740 2
599844 752136 1
571095 243201 1
381507 747474 2
317793 505050 2
681429 626262 2
376068 688422 1
177933 50505 2
413364 567987 1
306915 576534 1
354312 766899 2
564879 334110 2
335664 350427 2
39627 686091 2
586635 91686 1
365190 248640 2
639471 431235 1
756798 291375 1
218337 120435 2
91686 132090 2
416472 717948 1
90909 268065 2
579642 772338 1
456099 261849 1
666666 254079 2
338772 453768 2
434343 422688 1
114996 692307 2
753690 534576 1
304584 691530 1
665112 323232 2
570318 360528 1
679875 602175 1
477078 142968 1
135975 682983 1
710178 336441 1
355866 435897 2
619269 631701 1
428127 703962 2
180264 728049 2
435120 522144 2
126651 517482 2
41181 307692 1
677544 384615 1
172494 503496 2
47397 772338 1
9324 698523 2
655011 205128 2
365190 746697 1
420357 69930 2
366744 320901 2
111888 125097 2
238539 771561 1
756021 151515 1
478632 75369 2
473193 320124 1
598290 335664 2
35742 226884 1
149184 748251 2
299145 194250 1
176379 612276 1
553224 520590 2
162393 686868 1
194250 629370 1
216006 753690 2
717948 308469 2
305361 383061 1
168609 365967 1
712509 118104 2
174825 72261 1
162393 624708 1
101787 125097 2
647241 276612 2
413364 507381 1
331002 484848 2
170940 309246 1
2331 363636 2
528360 616161 2
399378 80031 1
609168 56721 2
747474 498834 2
440559 446775 1
295260 756021 1
383838 194250 1
297591 219891 1
753690 231546 2
167055 257964 2
773892 383061 1
678321 62160 1
278943 305361 1
355089 26418 2
599067 378399 2
89355 599067 2
226884 159285 1
109557 11655 2
358197 749805 1
581196 478632 1
171717 642579 1
125097 104895 2
80808 170163 2
487179 588966 1
602175 268842 2
150738 289821 1
771561 536130 1
277389 735819 2
673659 127428 1
236208 337995 1
80808 331002 2
180264 241647 1
141414 216006 2
397824 92463 2
232323 313908 2
763014 109557 2
693861 505827 1
633255 5439 1
585858 771561 1
745143 688422 2
519813 62937 2
344211 242424 1
249417 54390 2
507381 634032 1
242424 153846 2
286713 750582 1
599067 430458 2
538461 35742 1
468531 366744 2
248640 208236 1
101010 291375 2
540792 690753 1
127428 310023 1
643356 521367 2
422688 114996 1
493395 566433 2
351981 173271 2
50505 423465 1
308469 38850 2
463092 680652 2
137529 668997 2
383061 762237 2
483294 540792 1
52059 72261 2
571095 701631 1
458430 760683 1
319347 771561 1
130536 595959 1
386946 655788 1
127428 449883 1
603729 215229 1
334110 707847 2
14763 717171 1
18648 613053 2
522144 163170 1
36519 354312 1
376845 170940 2
17871 277389 2
479409 179487 1
558663 418026 1
3885 699300 2
576534 579642 1
29526 439005 1
376845 568764 2
431235 574203 1
248640 670551 1
600621 45843 2
146853 335664 1
508935 257187 2
164724 306915 2
341880 271950 1
358197 651903 2
85470 472416 2
679875 628593 2
495726 117327 2
286713 192696 1
305361 445998 2
508935 274281 2
122766 508158 1
83916 463869 1
391608 297591 1
306138 501942 2
528360 245532 2
308469 373737 1
282051 120435 1
397824 512043 2
508158 434343 2
346542 59829 1
72261 138306 2
460761 153846 2
236985 98679 2
510489 533022 2
582750 289821 2
566433 146853 2
761460 107226 1
335664 661227 2
260295 138306 2
111111 278943 1
225330 62160 1
573426 192696 1
130536 176379 1
664335 106449 2
571095 212121 1
250194 620046 2
740481 368298 2
321678 662004 1
607614 439782 2
546231 560994 1
81585 505827 1
735042 431235 2
459984 215229 2
269619 364413 1
132867 154623 2
37296 39627 1
658119 506604 2
514374 571095 1
336441 48951 1
224553 742812 2
300699 264180 1
538461 17871 2
775446 769230 2
256410 675213 1
463869 526806 1
522144 346542 2
762237 176379 1
725718 762237 1
596736 601398 1
625485 560217 2
453768 582750 1
293706 544677 2
670551 518259 1
729603 445221 2
131313 330225 1
29526 98679 1
317016 63714 2
776223 760683 2
494949 567987 1
115773 339549 1
348096 419580 1
261072 761460 2
548562 735819 1
21756 417249 2
608391 648018 1
295260 769230 2
700854 721056 1
193473 413364 2
721056 120435 1
179487 643356 2
272727 687645 1
439005 665112 1
392385 276612 1
66045 703962 1
542346 606060 2
436674 109557 1
16317 116550 1
492618 225330 1
566433 193473 2
260295 112665 1
176379 180264 1
644133 450660 1
407925 147630 1
535353 248640 2
406371 469308 1
503496 637140 2
175602 301476 1
494172 667443 1
80031 480186 1
593628 679875 2
568764 663558 1
154623 217560 2
620046 390054 2
185703 777000 2
720279 564102 2
616938 693084 1
633255 289044 2
510489 413364 2
185703 705516 1
542346 554001 1
648795 17871 1
243978 723387 1
489510 631701 2
294483 523698 1
124320 766122 1
290598 466200 1
258741 679098 2
542346 136752 1
676767 493395 2
90132 158508 2
714063 531468 1
186480 266511 1
156177 271173 1
527583 336441 1
405594 728049 1
243201 418026 1
440559 3108 1
720279 325563 1
231546 416472 1
272727 754467 2
760683 233877 2
268065 191142 2
347319 404817 1
591297 379953 2
588189 550893 1
67599 215229 2
298368 550893 2
362859 663558 2
613053 12432 1
450660 180264 2
672105 138306 2
522144 88578 2
583527 608391 1
250971 178710 2
135975 770784 2
463869 674436 1
14763 147630 2
591297 191919 2
532245 623154 2
172494 408702 1
160062 42735 2
305361 536907 2
283605 176379 1
222999 685314 1
425019 31857 2
375291 38850 1
60606 105672 2
54390 440559 2
434343 238539 2
29526 630924 2
569541 184926 1
554778 185703 1
550893 98679 2
715617 88578 2
493395 475524 2
83916 435120 1
13986 191142 2
198912 638694 2
456876 52059 1
463092 231546 1
637140 755244 2
392385 771561 1
469308 376845 2
21756 109557 2
93240 225330 1
678321 719502 2
217560 402486 2
709401 26418 1
204351 390054 1
702408 196581 2
135975 229992 1
542346 104895 2
662004 121989 1
344211 597513 1
599844 19425 2
339549 547008 1
108780 233100 2
252525 750582 1
649572 491064 1
274281 396270 2
254856 219114 1
349650 357420 1
212121 637917 2
63714 451437 1
376845 522144 1
97902 598290 1
611499 163947 1
460761 297591 2
30303 20979 1
641802 125097 1
729603 330225 1
45843 574980 1
31080 404817 1
575757 376068 2
327894 213675 2
156177 72261 2
508935 564102 2
607614 184926 1
489510 344988 2
659673 707070 1
458430 28749 1
707847 226107 1
672882 226107 1
597513 260295 2
308469 404817 1
736596 755244 2
569541 529137 1
764568 308469 1
674436 153846 1
185703 375291 1
452214 755244 1
106449 280497 2
751359 19425 1
645687 650349 2
36519 435120 2
499611 43512 2
9324 69930 2
35742 597513 1
27195 470862 2
502719 183372 1
32634 616161 1
451437 259518 2
564879 668997 1
48951 259518 1
463092 19425 2
426573 107226 1
327117 543123 1
157731 122766 1
257964 467754 1
55944 308469 1
234654 600621 2
588189 291375 1
167055 379176 1
268842 232323 2
356643 721056 2
118881 662004 1
154623 427350 2
227661 271173 2
572649 194250 1
425019 144522 2
494172 687645 1
165501 519813 1
187257 319347 2
757575 4662 2
650349 747474 1
42735 337218 1
447552 533799 2
320124 668997 1
396270 86247 2
170163 723387 1
118881 223776 1
605283 612276 1
13209 87801 2
6216 700077 1
104118 705516 2
110334 682206 2
505050 715617 1
111888 121212 2
660450 473970 1
486402 324786 2
306915 588189 1
752136 507381 1
591297 358974 2
634032 348873 1
672882 97125 1
174048 373737 1
231546 424242 1
504273 620823 2
294483 372183 1
440559 362082 1
123543 184926 2
59052 728826 2
283605 457653 1
147630 275058 1
682983 701631 2
773115 168609 1
