5000
777 1554 1
2331 3108 1
3885 4662 1
5439 6216 1
6993 7770 1
8547 9324 1
10101 10878 1
11655 12432 1
13209 13986 1
14763 15540 1
16317 17094 1
17871 18648 1
19425 20202 1
20979 21756 1
22533 23310 1
24087 24864 1
25641 26418 1
27195 27972 1
28749 29526 1
30303 31080 1
31857 32634 1
33411 34188 1
34965 35742 1
36519 37296 1
38073 38850 1
39627 40404 1
41181 41958 1
42735 43512 1
44289 45066 1
45843 46620 1
47397 48174 1
48951 49728 1
50505 51282 1
52059 52836 1
53613 54390 1
55167 55944 1
56721 57498 1
58275 59052 1
59829 60606 1
61383 62160 1
62937 63714 1
64491 65268 1
66045 66822 1
67599 68376 1
69153 69930 1
70707 71484 1
72261 73038 1
73815 74592 1
75369 76146 1
76923 77700 1
78477 79254 1
80031 80808 1
81585 82362 1
83139 83916 1
84693 85470 1
86247 87024 1
87801 88578 1
89355 90132 1
90909 91686 1
92463 93240 1
94017 94794 1
95571 96348 1
97125 97902 1
98679 99456 1
100233 101010 1
101787 102564 1
103341 104118 1
104895 105672 1
106449 107226 1
108003 108780 1
109557 110334 1
111111 111888 1
112665 113442 1
114219 114996 1
115773 116550 1
117327 118104 1
118881 119658 1
120435 121212 1
121989 122766 1
123543 124320 1
125097 125874 1
126651 127428 1
128205 128982 1
129759 130536 1
131313 132090 1
132867 133644 1
134421 135198 1
135975 136752 1
137529 138306 1
139083 139860 1
140637 141414 1
142191 142968 1
143745 144522 1
145299 146076 1
146853 147630 1
148407 149184 1
149961 150738 1
151515 152292 1
153069 153846 1
154623 155400 1
156177 156954 1
157731 158508 1
159285 160062 1
160839 161616 1
162393 163170 1
163947 164724 1
165501 166278 1
167055 167832 1
168609 169386 1
170163 170940 1
171717 172494 1
173271 174048 1
174825 175602 1
176379 177156 1
177933 178710 1
179487 180264 1
181041 181818 1
182595 183372 1
184149 184926 1
185703 186480 1
187257 188034 1
188811 189588 1
190365 191142 1
191919 192696 1
193473 194250 1
195027 195804 1
196581 197358 1
198135 198912 1
199689 200466 1
201243 202020 1
202797 203574 1
204351 205128 1
205905 206682 1
207459 208236 1
209013 209790 1
210567 211344 1
212121 212898 1
213675 214452 1
215229 216006 1
216783 217560 1
218337 219114 1
219891 220668 1
221445 222222 1
222999 223776 1
224553 225330 1
226107 226884 1
227661 228438 1
229215 229992 1
230769 231546 1
232323 233100 1
233877 234654 1
235431 236208 1
236985 237762 1
238539 239316 1
240093 240870 1
241647 242424 1
243201 243978 1
244755 245532 1
246309 247086 1
247863 248640 1
249417 250194 1
250971 251748 1
252525 253302 1
254079 254856 1
255633 256410 1
257187 257964 1
258741 259518 1
260295 261072 1
261849 262626 1
263403 264180 1
264957 265734 1
266511 267288 1
268065 268842 1
269619 270396 1
271173 271950 1
272727 273504 1
274281 275058 1
275835 276612 1
277389 278166 1
278943 279720 1
280497 281274 1
282051 282828 1
283605 284382 1
285159 285936 1
286713 287490 1
288267 289044 1
289821 290598 1
291375 292152 1
292929 293706 1
294483 295260 1
296037 296814 1
297591 298368 1
299145 299922 1
300699 301476 1
302253 303030 1
303807 304584 1
305361 306138 1
306915 307692 1
308469 309246 1
310023 310800 1
311577 312354 1
313131 313908 1
314685 315462 1
316239 317016 1
317793 318570 1
319347 320124 1
320901 321678 1
322455 323232 1
324009 324786 1
325563 326340 1
327117 327894 1
328671 329448 1
330225 331002 1
331779 332556 1
333333 334110 1
334887 335664 1
336441 337218 1
337995 338772 1
339549 340326 1
341103 341880 1
342657 343434 1
344211 344988 1
345765 346542 1
347319 348096 1
348873 349650 1
350427 351204 1
351981 352758 1
353535 354312 1
355089 355866 1
356643 357420 1
358197 358974 1
359751 360528 1
361305 362082 1
362859 363636 1
364413 365190 1
365967 366744 1
367521 368298 1
369075 369852 1
370629 371406 1
372183 372960 1
373737 374514 1
375291 376068 1
376845 377622 1
378399 379176 1
379953 380730 1
381507 382284 1
383061 383838 1
384615 385392 1
386169 386946 1
387723 388500 1
389277 390054 1
390831 391608 1
392385 393162 1
393939 394716 1
395493 396270 1
397047 397824 1
398601 399378 1
400155 400932 1
401709 402486 1
403263 404040 1
404817 405594 1
406371 407148 1
407925 408702 1
409479 410256 1
411033 411810 1
412587 413364 1
414141 414918 1
415695 416472 1
417249 418026 1
418803 419580 1
420357 421134 1
421911 422688 1
423465 424242 1
425019 425796 1
426573 427350 1
428127 428904 1
429681 430458 1
431235 432012 1
432789 433566 1
434343 435120 1
435897 436674 1
437451 438228 1
439005 439782 1
440559 441336 1
442113 442890 1
443667 444444 1
445221 445998 1
446775 447552 1
448329 449106 1
449883 450660 1
451437 452214 1
452991 453768 1
454545 455322 1
456099 456876 1
457653 458430 1
459207 459984 1
460761 461538 1
462315 463092 1
463869 464646 1
465423 466200 1
466977 467754 1
468531 469308 1
470085 470862 1
471639 472416 1
473193 473970 1
474747 475524 1
476301 477078 1
477855 478632 1
479409 480186 1
480963 481740 1
482517 483294 1
484071 484848 1
485625 486402 1
487179 487956 1
488733 489510 1
490287 491064 1
491841 492618 1
493395 494172 1
494949 495726 1
496503 497280 1
498057 498834 1
499611 500388 1
501165 501942 1
502719 503496 1
504273 505050 1
505827 506604 1
507381 508158 1
508935 509712 1
510489 511266 1
512043 512820 1
513597 514374 1
515151 515928 1
516705 517482 1
518259 519036 1
519813 520590 1
521367 522144 1
522921 523698 1
524475 525252 1
526029 526806 1
527583 528360 1
529137 529914 1
530691 531468 1
532245 533022 1
533799 534576 1
535353 536130 1
536907 537684 1
538461 539238 1
540015 540792 1
541569 542346 1
543123 543900 1
544677 545454 1
546231 547008 1
547785 548562 1
549339 550116 1
550893 551670 1
552447 553224 1
554001 554778 1
555555 556332 1
557109 557886 1
558663 559440 1
560217 560994 1
561771 562548 1
563325 564102 1
564879 565656 1
566433 567210 1
567987 568764 1
569541 570318 1
571095 571872 1
572649 573426 1
574203 574980 1
575757 576534 1
577311 578088 1
578865 579642 1
580419 581196 1
581973 582750 1
583527 584304 1
585081 585858 1
586635 587412 1
588189 588966 1
589743 590520 1
591297 592074 1
592851 593628 1
594405 595182 1
595959 596736 1
597513 598290 1
599067 599844 1
600621 601398 1
602175 602952 1
603729 604506 1
605283 606060 1
606837 607614 1
608391 609168 1
609945 610722 1
611499 612276 1
613053 613830 1
614607 615384 1
616161 616938 1
617715 618492 1
619269 620046 1
620823 621600 1
622377 623154 1
623931 624708 1
625485 626262 1
627039 627816 1
628593 629370 1
630147 630924 1
631701 632478 1
633255 634032 1
634809 635586 1
636363 637140 1
637917 638694 1
639471 640248 1
641025 641802 1
642579 643356 1
644133 644910 1
645687 646464 1
647241 648018 1
648795 649572 1
650349 651126 1
651903 652680 1
653457 654234 1
655011 655788 1
656565 657342 1
658119 658896 1
659673 660450 1
661227 662004 1
662781 663558 1
664335 665112 1
665889 666666 1
667443 668220 1
668997 669774 1
670551 671328 1
672105 672882 1
673659 674436 1
675213 675990 1
676767 677544 1
678321 679098 1
679875 680652 1
681429 682206 1
682983 683760 1
684537 685314 1
686091 686868 1
687645 688422 1
689199 689976 1
690753 691530 1
692307 693084 1
693861 694638 1
695415 696192 1
696969 697746 1
698523 699300 1
700077 700854 1
701631 702408 1
703185 703962 1
704739 705516 1
706293 707070 1
707847 708624 1
709401 710178 1
710955 711732 1
712509 713286 1
714063 714840 1
715617 716394 1
717171 717948 1
718725 719502 1
720279 721056 1
721833 722610 1
723387 724164 1
724941 725718 1
726495 727272 1
728049 728826 1
729603 730380 1
731157 731934 1
732711 733488 1
734265 735042 1
735819 736596 1
737373 738150 1
738927 739704 1
740481 741258 1
742035 742812 1
743589 744366 1
745143 745920 1
746697 747474 1
748251 749028 1
749805 750582 1
751359 752136 1
752913 753690 1
754467 755244 1
756021 756798 1
757575 758352 1
759129 759906 1
760683 761460 1
762237 763014 1
763791 764568 1
765345 766122 1
766899 767676 1
768453 769230 1
770007 770784 1
771561 772338 1
773115 773892 1
774669 775446 1
776223 777000 1
777777 778554 1
779331 780108 1
780885 781662 1
782439 783216 1
783993 784770 1
785547 786324 1
787101 787878 1
788655 789432 1
790209 790986 1
791763 792540 1
793317 794094 1
794871 795648 1
796425 797202 1
797979 798756 1
799533 800310 1
801087 801864 1
802641 803418 1
804195 804972 1
805749 806526 1
807303 808080 1
808857 809634 1
810411 811188 1
811965 812742 1
813519 814296 1
815073 815850 1
816627 817404 1
818181 818958 1
819735 820512 1
821289 822066 1
822843 823620 1
824397 825174 1
825951 826728 1
827505 828282 1
829059 829836 1
830613 831390 1
832167 832944 1
833721 834498 1
835275 836052 1
836829 837606 1
838383 839160 1
839937 840714 1
841491 842268 1
843045 843822 1
844599 845376 1
846153 846930 1
847707 848484 1
849261 850038 1
850815 851592 1
852369 853146 1
853923 854700 1
855477 856254 1
857031 857808 1
858585 859362 1
860139 860916 1
861693 862470 1
863247 864024 1
864801 865578 1
866355 867132 1
867909 868686 1
869463 870240 1
871017 871794 1
872571 873348 1
874125 874902 1
875679 876456 1
877233 878010 1
878787 879564 1
880341 881118 1
881895 882672 1
883449 884226 1
885003 885780 1
886557 887334 1
888111 888888 1
889665 890442 1
891219 891996 1
892773 893550 1
894327 895104 1
895881 896658 1
897435 898212 1
898989 899766 1
900543 901320 1
902097 902874 1
903651 904428 1
905205 905982 1
906759 907536 1
908313 909090 1
909867 910644 1
911421 912198 1
912975 913752 1
914529 915306 1
916083 916860 1
917637 918414 1
919191 919968 1
920745 921522 1
922299 923076 1
923853 924630 1
925407 926184 1
926961 927738 1
928515 929292 1
930069 930846 1
931623 932400 1
933177 933954 1
934731 935508 1
936285 937062 1
937839 938616 1
939393 940170 1
940947 941724 1
942501 943278 1
944055 944832 1
945609 946386 1
947163 947940 1
948717 949494 1
950271 951048 1
951825 952602 1
953379 954156 1
954933 955710 1
956487 957264 1
958041 958818 1
959595 960372 1
961149 961926 1
962703 963480 1
964257 965034 1
965811 966588 1
967365 968142 1
968919 969696 1
970473 971250 1
972027 972804 1
973581 974358 1
975135 975912 1
976689 977466 1
978243 979020 1
979797 980574 1
981351 982128 1
982905 983682 1
984459 985236 1
986013 986790 1
987567 988344 1
989121 989898 1
990675 991452 1
992229 993006 1
993783 994560 1
995337 996114 1
996891 997668 1
998445 999222 1
999999 1000776 1
1001553 1002330 1
1003107 1003884 1
1004661 1005438 1
1006215 1006992 1
1007769 1008546 1
1009323 1010100 1
1010877 1011654 1
1012431 1013208 1
1013985 1014762 1
1015539 1016316 1
1017093 1017870 1
1018647 1019424 1
1020201 1020978 1
1021755 1022532 1
1023309 1024086 1
1024863 1025640 1
1026417 1027194 1
1027971 1028748 1
1029525 1030302 1
1031079 1031856 1
1032633 1033410 1
1034187 1034964 1
1035741 1036518 1
1037295 1038072 1
1038849 1039626 1
1040403 1041180 1
1041957 1042734 1
1043511 1044288 1
1045065 1045842 1
1046619 1047396 1
1048173 1048950 1
1049727 1050504 1
1051281 1052058 1
1052835 1053612 1
1054389 1055166 1
1055943 1056720 1
1057497 1058274 1
1059051 1059828 1
1060605 1061382 1
1062159 1062936 1
1063713 1064490 1
1065267 1066044 1
1066821 1067598 1
1068375 1069152 1
1069929 1070706 1
1071483 1072260 1
1073037 1073814 1
1074591 1075368 1
1076145 1076922 1
1077699 1078476 1
1079253 1080030 1
1080807 1081584 1
1082361 1083138 1
1083915 1084692 1
1085469 1086246 1
1087023 1087800 1
1088577 1089354 1
1090131 1090908 1
1091685 1092462 1
1093239 1094016 1
1094793 1095570 1
1096347 1097124 1
1097901 1098678 1
1099455 1100232 1
1101009 1101786 1
1102563 1103340 1
1104117 1104894 1
1105671 1106448 1
1107225 1108002 1
1108779 1109556 1
1110333 1111110 1
1111887 1112664 1
1113441 1114218 1
1114995 1115772 1
1116549 1117326 1
1118103 1118880 1
1119657 1120434 1
1121211 1121988 1
1122765 1123542 1
1124319 1125096 1
1125873 1126650 1
1127427 1128204 1
1128981 1129758 1
1130535 1131312 1
1132089 1132866 1
1133643 1134420 1
1135197 1135974 1
1136751 1137528 1
1138305 1139082 1
1139859 1140636 1
1141413 1142190 1
1142967 1143744 1
1144521 1145298 1
1146075 1146852 1
1147629 1148406 1
1149183 1149960 1
1150737 1151514 1
1152291 1153068 1
1153845 1154622 1
1155399 1156176 1
1156953 1157730 1
1158507 1159284 1
1160061 1160838 1
1161615 1162392 1
1163169 1163946 1
1164723 1165500 1
1166277 1167054 1
1167831 1168608 1
1169385 1170162 1
1170939 1171716 1
1172493 1173270 1
1174047 1174824 1
1175601 1176378 1
1177155 1177932 1
1178709 1179486 1
1180263 1181040 1
1181817 1182594 1
1183371 1184148 1
1184925 1185702 1
1186479 1187256 1
1188033 1188810 1
1189587 1190364 1
1191141 1191918 1
1192695 1193472 1
1194249 1195026 1
1195803 1196580 1
1197357 1198134 1
1198911 1199688 1
1200465 1201242 1
1202019 1202796 1
1203573 1204350 1
1205127 1205904 1
1206681 1207458 1
1208235 1209012 1
1209789 1210566 1
1211343 1212120 1
1212897 1213674 1
1214451 1215228 1
1216005 1216782 1
1217559 1218336 1
1219113 1219890 1
1220667 1221444 1
1222221 1222998 1
1223775 1224552 1
1225329 1226106 1
1226883 1227660 1
1228437 1229214 1
1229991 1230768 1
1231545 1232322 1
1233099 1233876 1
1234653 1235430 1
1236207 1236984 1
1237761 1238538 1
1239315 1240092 1
1240869 1241646 1
1242423 1243200 1
1243977 1244754 1
1245531 1246308 1
1247085 1247862 1
1248639 1249416 1
1250193 1250970 1
1251747 1252524 1
1253301 1254078 1
1254855 1255632 1
1256409 1257186 1
1257963 1258740 1
1259517 1260294 1
1261071 1261848 1
1262625 1263402 1
1264179 1264956 1
1265733 1266510 1
1267287 1268064 1
1268841 1269618 1
1270395 1271172 1
1271949 1272726 1
1273503 1274280 1
1275057 1275834 1
1276611 1277388 1
1278165 1278942 1
1279719 1280496 1
1281273 1282050 1
1282827 1283604 1
1284381 1285158 1
1285935 1286712 1
1287489 1288266 1
1289043 1289820 1
1290597 1291374 1
1292151 1292928 1
1293705 1294482 1
1295259 1296036 1
1296813 1297590 1
1298367 1299144 1
1299921 1300698 1
1301475 1302252 1
1303029 1303806 1
1304583 1305360 1
1306137 1306914 1
1307691 1308468 1
1309245 1310022 1
1310799 1311576 1
1312353 1313130 1
1313907 1314684 1
1315461 1316238 1
1317015 1317792 1
1318569 1319346 1
1320123 1320900 1
1321677 1322454 1
1323231 1324008 1
1324785 1325562 1
1326339 1327116 1
1327893 1328670 1
1329447 1330224 1
1331001 1331778 1
1332555 1333332 1
1334109 1334886 1
1335663 1336440 1
1337217 1337994 1
1338771 1339548 1
1340325 1341102 1
1341879 1342656 1
1343433 1344210 1
1344987 1345764 1
1346541 1347318 1
1348095 1348872 1
1349649 1350426 1
1351203 1351980 1
1352757 1353534 1
1354311 1355088 1
1355865 1356642 1
1357419 1358196 1
1358973 1359750 1
1360527 1361304 1
1362081 1362858 1
1363635 1364412 1
1365189 1365966 1
1366743 1367520 1
1368297 1369074 1
1369851 1370628 1
1371405 1372182 1
1372959 1373736 1
1374513 1375290 1
1376067 1376844 1
1377621 1378398 1
1379175 1379952 1
1380729 1381506 1
1382283 1383060 1
1383837 1384614 1
1385391 1386168 1
1386945 1387722 1
1388499 1389276 1
1390053 1390830 1
1391607 1392384 1
1393161 1393938 1
1394715 1395492 1
1396269 1397046 1
1397823 1398600 1
1399377 1400154 1
1400931 1401708 1
1402485 1403262 1
1404039 1404816 1
1405593 1406370 1
1407147 1407924 1
1408701 1409478 1
1410255 1411032 1
1411809 1412586 1
1413363 1414140 1
1414917 1415694 1
1416471 1417248 1
1418025 1418802 1
1419579 1420356 1
1421133 1421910 1
1422687 1423464 1
1424241 1425018 1
1425795 1426572 1
1427349 1428126 1
1428903 1429680 1
1430457 1431234 1
1432011 1432788 1
1433565 1434342 1
1435119 1435896 1
1436673 1437450 1
1438227 1439004 1
1439781 1440558 1
1441335 1442112 1
1442889 1443666 1
1444443 1445220 1
1445997 1446774 1
1447551 1448328 1
1449105 1449882 1
1450659 1451436 1
1452213 1452990 1
1453767 1454544 1
1455321 1456098 1
1456875 1457652 1
1458429 1459206 1
1459983 1460760 1
1461537 1462314 1
1463091 1463868 1
1464645 1465422 1
1466199 1466976 1
1467753 1468530 1
1469307 1470084 1
1470861 1471638 1
1472415 1473192 1
1473969 1474746 1
1475523 1476300 1
1477077 1477854 1
1478631 1479408 1
1480185 1480962 1
1481739 1482516 1
1483293 1484070 1
1484847 1485624 1
1486401 1487178 1
1487955 1488732 1
1489509 1490286 1
1491063 1491840 1
1492617 1493394 1
1494171 1494948 1
1495725 1496502 1
1497279 1498056 1
1498833 1499610 1
1500387 1501164 1
1501941 1502718 1
1503495 1504272 1
1505049 1505826 1
1506603 1507380 1
1508157 1508934 1
1509711 1510488 1
1511265 1512042 1
1512819 1513596 1
1514373 1515150 1
1515927 1516704 1
1517481 1518258 1
1519035 1519812 1
1520589 1521366 1
1522143 1522920 1
1523697 1524474 1
1525251 1526028 1
1526805 1527582 1
1528359 1529136 1
1529913 1530690 1
1531467 1532244 1
1533021 1533798 1
1534575 1535352 1
1536129 1536906 1
1537683 1538460 1
1539237 1540014 1
1540791 1541568 1
1542345 1543122 1
1543899 1544676 1
1545453 1546230 1
1547007 1547784 1
1548561 1549338 1
1550115 1550892 1
1551669 1552446 1
1553223 1554000 1
1554777 1555554 1
1556331 1557108 1
1557885 1558662 1
1559439 1560216 1
1560993 1561770 1
1562547 1563324 1
1564101 1564878 1
1565655 1566432 1
1567209 1567986 1
1568763 1569540 1
1570317 1571094 1
1571871 1572648 1
1573425 1574202 1
1574979 1575756 1
1576533 1577310 1
1578087 1578864 1
1579641 1580418 1
1581195 1581972 1
1582749 1583526 1
1584303 1585080 1
1585857 1586634 1
1587411 1588188 1
1588965 1589742 1
1590519 1591296 1
1592073 1592850 1
1593627 1594404 1
1595181 1595958 1
1596735 1597512 1
1598289 1599066 1
1599843 1600620 1
1601397 1602174 1
1602951 1603728 1
1604505 1605282 1
1606059 1606836 1
1607613 1608390 1
1609167 1609944 1
1610721 1611498 1
1612275 1613052 1
1613829 1614606 1
1615383 1616160 1
1616937 1617714 1
1618491 1619268 1
1620045 1620822 1
1621599 1622376 1
1623153 1623930 1
1624707 1625484 1
1626261 1627038 1
1627815 1628592 1
1629369 1630146 1
1630923 1631700 1
1632477 1633254 1
1634031 1634808 1
1635585 1636362 1
1637139 1637916 1
1638693 1639470 1
1640247 1641024 1
1641801 1642578 1
1643355 1644132 1
1644909 1645686 1
1646463 1647240 1
1648017 1648794 1
1649571 1650348 1
1651125 1651902 1
1652679 1653456 1
1654233 1655010 1
1655787 1656564 1
1657341 1658118 1
1658895 1659672 1
1660449 1661226 1
1662003 1662780 1
1663557 1664334 1
1665111 1665888 1
1666665 1667442 1
1668219 1668996 1
1669773 1670550 1
1671327 1672104 1
1672881 1673658 1
1674435 1675212 1
1675989 1676766 1
1677543 1678320 1
1679097 1679874 1
1680651 1681428 1
1682205 1682982 1
1683759 1684536 1
1685313 1686090 1
1686867 1687644 1
1688421 1689198 1
1689975 1690752 1
1691529 1692306 1
1693083 1693860 1
1694637 1695414 1
1696191 1696968 1
1697745 1698522 1
1699299 1700076 1
1700853 1701630 1
1702407 1703184 1
1703961 1704738 1
1705515 1706292 1
1707069 1707846 1
1708623 1709400 1
1710177 1710954 1
1711731 1712508 1
1713285 1714062 1
1714839 1715616 1
1716393 1717170 1
1717947 1718724 1
1719501 1720278 1
1721055 1721832 1
1722609 1723386 1
1724163 1724940 1
1725717 1726494 1
1727271 1728048 1
1728825 1729602 1
1730379 1731156 1
1731933 1732710 1
1733487 1734264 1
1735041 1735818 1
1736595 1737372 1
1738149 1738926 1
1739703 1740480 1
1741257 1742034 1
1742811 1743588 1
1744365 1745142 1
1745919 1746696 1
1747473 1748250 1
1749027 1749804 1
1750581 1751358 1
1752135 1752912 1
1753689 1754466 1
1755243 1756020 1
1756797 1757574 1
1758351 1759128 1
1759905 1760682 1
1761459 1762236 1
1763013 1763790 1
1764567 1765344 1
1766121 1766898 1
1767675 1768452 1
1769229 1770006 1
1770783 1771560 1
1772337 1773114 1
1773891 1774668 1
1775445 1776222 1
1776999 1777776 1
1778553 1779330 1
1780107 1780884 1
1781661 1782438 1
1783215 1783992 1
1784769 1785546 1
1786323 1787100 1
1787877 1788654 1
1789431 1790208 1
1790985 1791762 1
1792539 1793316 1
1794093 1794870 1
1795647 1796424 1
1797201 1797978 1
1798755 1799532 1
1800309 1801086 1
1801863 1802640 1
1803417 1804194 1
1804971 1805748 1
1806525 1807302 1
1808079 1808856 1
1809633 1810410 1
1811187 1811964 1
1812741 1813518 1
1814295 1815072 1
1815849 1816626 1
1817403 1818180 1
1818957 1819734 1
1820511 1821288 1
1822065 1822842 1
1823619 1824396 1
1825173 1825950 1
1826727 1827504 1
1828281 1829058 1
1829835 1830612 1
1831389 1832166 1
1832943 1833720 1
1834497 1835274 1
1836051 1836828 1
1837605 1838382 1
1839159 1839936 1
1840713 1841490 1
1842267 1843044 1
1843821 1844598 1
1845375 1846152 1
1846929 1847706 1
1848483 1849260 1
1850037 1850814 1
1851591 1852368 1
1853145 1853922 1
1854699 1855476 1
1856253 1857030 1
1857807 1858584 1
1859361 1860138 1
1860915 1861692 1
1862469 1863246 1
1864023 1864800 1
1865577 1866354 1
1867131 1867908 1
1868685 1869462 1
1870239 1871016 1
1871793 1872570 1
1873347 1874124 1
1874901 1875678 1
1876455 1877232 1
1878009 1878786 1
1879563 1880340 1
1881117 1881894 1
1882671 1883448 1
1884225 1885002 1
1885779 1886556 1
1887333 1888110 1
1888887 1889664 1
1890441 1891218 1
1891995 1892772 1
1893549 1894326 1
1895103 1895880 1
1896657 1897434 1
1898211 1898988 1
1899765 1900542 1
1901319 1902096 1
1902873 1903650 1
1904427 1905204 1
1905981 1906758 1
1907535 1908312 1
1909089 1909866 1
1910643 1911420 1
1912197 1912974 1
1913751 1914528 1
1915305 1916082 1
1916859 1917636 1
1918413 1919190 1
1919967 1920744 1
1921521 1922298 1
1923075 1923852 1
1924629 1925406 1
1926183 1926960 1
1927737 1928514 1
1929291 1930068 1
1930845 1931622 1
1932399 1933176 1
1933953 1934730 1
1935507 1936284 1
1937061 1937838 1
1938615 1939392 1
1940169 1940946 1
1941723 1942500 1
1943277 1944054 1
1944831 1945608 1
1946385 1947162 1
1947939 1948716 1
1949493 1950270 1
1951047 1951824 1
1952601 1953378 1
1954155 1954932 1
1955709 1956486 1
1957263 1958040 1
1958817 1959594 1
1960371 1961148 1
1961925 1962702 1
1963479 1964256 1
1965033 1965810 1
1966587 1967364 1
1968141 1968918 1
1969695 1970472 1
1971249 1972026 1
1972803 1973580 1
1974357 1975134 1
1975911 1976688 1
1977465 1978242 1
1979019 1979796 1
1980573 1981350 1
1982127 1982904 1
1983681 1984458 1
1985235 1986012 1
1986789 1987566 1
1988343 1989120 1
1989897 1990674 1
1991451 1992228 1
1993005 1993782 1
1994559 1995336 1
1996113 1996890 1
1997667 1998444 1
1999221 1999998 1
2000775 2001552 1
2002329 2003106 1
2003883 2004660 1
2005437 2006214 1
2006991 2007768 1
2008545 2009322 1
2010099 2010876 1
2011653 2012430 1
2013207 2013984 1
2014761 2015538 1
2016315 2017092 1
2017869 2018646 1
2019423 2020200 1
2020977 2021754 1
2022531 2023308 1
2024085 2024862 1
2025639 2026416 1
2027193 2027970 1
2028747 2029524 1
2030301 2031078 1
2031855 2032632 1
2033409 2034186 1
2034963 2035740 1
2036517 2037294 1
2038071 2038848 1
2039625 2040402 1
2041179 2041956 1
2042733 2043510 1
2044287 2045064 1
2045841 2046618 1
2047395 2048172 1
2048949 2049726 1
2050503 2051280 1
2052057 2052834 1
2053611 2054388 1
2055165 2055942 1
2056719 2057496 1
2058273 2059050 1
2059827 2060604 1
2061381 2062158 1
2062935 2063712 1
2064489 2065266 1
2066043 2066820 1
2067597 2068374 1
2069151 2069928 1
2070705 2071482 1
2072259 2073036 1
2073813 2074590 1
2075367 2076144 1
2076921 2077698 1
2078475 2079252 1
2080029 2080806 1
2081583 2082360 1
2083137 2083914 1
2084691 2085468 1
2086245 2087022 1
2087799 2088576 1
2089353 2090130 1
2090907 2091684 1
2092461 2093238 1
2094015 2094792 1
2095569 2096346 1
2097123 2097900 1
2098677 2099454 1
2100231 2101008 1
2101785 2102562 1
2103339 2104116 1
2104893 2105670 1
2106447 2107224 1
2108001 2108778 1
2109555 2110332 1
2111109 2111886 1
2112663 2113440 1
2114217 2114994 1
2115771 2116548 1
2117325 2118102 1
2118879 2119656 1
2120433 2121210 1
2121987 2122764 1
2123541 2124318 1
2125095 2125872 1
2126649 2127426 1
2128203 2128980 1
2129757 2130534 1
2131311 2132088 1
2132865 2133642 1
2134419 2135196 1
2135973 2136750 1
2137527 2138304 1
2139081 2139858 1
2140635 2141412 1
2142189 2142966 1
2143743 2144520 1
2145297 2146074 1
2146851 2147628 1
2148405 2149182 1
2149959 2150736 1
2151513 2152290 1
2153067 2153844 1
2154621 2155398 1
2156175 2156952 1
2157729 2158506 1
2159283 2160060 1
2160837 2161614 1
2162391 2163168 1
2163945 2164722 1
2165499 2166276 1
2167053 2167830 1
2168607 2169384 1
2170161 2170938 1
2171715 2172492 1
2173269 2174046 1
2174823 2175600 1
2176377 2177154 1
2177931 2178708 1
2179485 2180262 1
2181039 2181816 1
2182593 2183370 1
2184147 2184924 1
2185701 2186478 1
2187255 2188032 1
2188809 2189586 1
2190363 2191140 1
2191917 2192694 1
2193471 2194248 1
2195025 2195802 1
2196579 2197356 1
2198133 2198910 1
2199687 2200464 1
2201241 2202018 1
2202795 2203572 1
2204349 2205126 1
2205903 2206680 1
2207457 2208234 1
2209011 2209788 1
2210565 2211342 1
2212119 2212896 1
2213673 2214450 1
2215227 2216004 1
2216781 2217558 1
2218335 2219112 1
2219889 2220666 1
2221443 2222220 1
2222997 2223774 1
2224551 2225328 1
2226105 2226882 1
2227659 2228436 1
2229213 2229990 1
2230767 2231544 1
2232321 2233098 1
2233875 2234652 1
2235429 2236206 1
2236983 2237760 1
2238537 2239314 1
2240091 2240868 1
2241645 2242422 1
2243199 2243976 1
2244753 2245530 1
2246307 2247084 1
2247861 2248638 1
2249415 2250192 1
2250969 2251746 1
2252523 2253300 1
2254077 2254854 1
2255631 2256408 1
2257185 2257962 1
2258739 2259516 1
2260293 2261070 1
2261847 2262624 1
2263401 2264178 1
2264955 2265732 1
2266509 2267286 1
2268063 2268840 1
2269617 2270394 1
2271171 2271948 1
2272725 2273502 1
2274279 2275056 1
2275833 2276610 1
2277387 2278164 1
2278941 2279718 1
2280495 2281272 1
2282049 2282826 1
2283603 2284380 1
2285157 2285934 1
2286711 2287488 1
2288265 2289042 1
2289819 2290596 1
2291373 2292150 1
2292927 2293704 1
2294481 2295258 1
2296035 2296812 1
2297589 2298366 1
2299143 2299920 1
2300697 2301474 1
2302251 2303028 1
2303805 2304582 1
2305359 2306136 1
2306913 2307690 1
2308467 2309244 1
2310021 2310798 1
2311575 2312352 1
2313129 2313906 1
2314683 2315460 1
2316237 2317014 1
2317791 2318568 1
2319345 2320122 1
2320899 2321676 1
2322453 2323230 1
2324007 2324784 1
2325561 2326338 1
2327115 2327892 1
2328669 2329446 1
2330223 2331000 1
2331777 2332554 1
2333331 2334108 1
2334885 2335662 1
2336439 2337216 1
2337993 2338770 1
2339547 2340324 1
2341101 2341878 1
2342655 2343432 1
2344209 2344986 1
2345763 2346540 1
2347317 2348094 1
2348871 2349648 1
2350425 2351202 1
2351979 2352756 1
2353533 2354310 1
2355087 2355864 1
2356641 2357418 1
2358195 2358972 1
2359749 2360526 1
2361303 2362080 1
2362857 2363634 1
2364411 2365188 1
2365965 2366742 1
2367519 2368296 1
2369073 2369850 1
2370627 2371404 1
2372181 2372958 1
2373735 2374512 1
2375289 2376066 1
2376843 2377620 1
2378397 2379174 1
2379951 2380728 1
2381505 2382282 1
2383059 2383836 1
2384613 2385390 1
2386167 2386944 1
2387721 2388498 1
2389275 2390052 1
2390829 2391606 1
2392383 2393160 1
2393937 2394714 1
2395491 2396268 1
2397045 2397822 1
2398599 2399376 1
2400153 2400930 1
2401707 2402484 1
2403261 2404038 1
2404815 2405592 1
2406369 2407146 1
2407923 2408700 1
2409477 2410254 1
2411031 2411808 1
2412585 2413362 1
2414139 2414916 1
2415693 2416470 1
2417247 2418024 1
2418801 2419578 1
2420355 2421132 1
2421909 2422686 1
2423463 2424240 1
2425017 2425794 1
2426571 2427348 1
2428125 2428902 1
2429679 2430456 1
2431233 2432010 1
2432787 2433564 1
2434341 2435118 1
2435895 2436672 1
2437449 2438226 1
2439003 2439780 1
2440557 2441334 1
2442111 2442888 1
2443665 2444442 1
2445219 2445996 1
2446773 2447550 1
2448327 2449104 1
2449881 2450658 1
2451435 2452212 1
2452989 2453766 1
2454543 2455320 1
2456097 2456874 1
2457651 2458428 1
2459205 2459982 1
2460759 2461536 1
2462313 2463090 1
2463867 2464644 1
2465421 2466198 1
2466975 2467752 1
2468529 2469306 1
2470083 2470860 1
2471637 2472414 1
2473191 2473968 1
2474745 2475522 1
2476299 2477076 1
2477853 2478630 1
2479407 2480184 1
2480961 2481738 1
2482515 2483292 1
2484069 2484846 1
2485623 2486400 1
2487177 2487954 1
2488731 2489508 1
2490285 2491062 1
2491839 2492616 1
2493393 2494170 1
2494947 2495724 1
2496501 2497278 1
2498055 2498832 1
2499609 2500386 1
2501163 2501940 1
2502717 2503494 1
2504271 2505048 1
2505825 2506602 1
2507379 2508156 1
2508933 2509710 1
2510487 2511264 1
2512041 2512818 1
2513595 2514372 1
2515149 2515926 1
2516703 2517480 1
2518257 2519034 1
2519811 2520588 1
2521365 2522142 1
2522919 2523696 1
2524473 2525250 1
2526027 2526804 1
2527581 2528358 1
2529135 2529912 1
2530689 2531466 1
2532243 2533020 1
2533797 2534574 1
2535351 2536128 1
2536905 2537682 1
2538459 2539236 1
2540013 2540790 1
2541567 2542344 1
2543121 2543898 1
2544675 2545452 1
2546229 2547006 1
2547783 2548560 1
2549337 2550114 1
2550891 2551668 1
2552445 2553222 1
2553999 2554776 1
2555553 2556330 1
2557107 2557884 1
2558661 2559438 1
2560215 2560992 1
2561769 2562546 1
2563323 2564100 1
2564877 2565654 1
2566431 2567208 1
2567985 2568762 1
2569539 2570316 1
2571093 2571870 1
2572647 2573424 1
2574201 2574978 1
2575755 2576532 1
2577309 2578086 1
2578863 2579640 1
2580417 2581194 1
2581971 2582748 1
2583525 2584302 1
2585079 2585856 1
2586633 2587410 1
2588187 2588964 1
2589741 2590518 1
2591295 2592072 1
2592849 2593626 1
2594403 2595180 1
2595957 2596734 1
2597511 2598288 1
2599065 2599842 1
2600619 2601396 1
2602173 2602950 1
2603727 2604504 1
2605281 2606058 1
2606835 2607612 1
2608389 2609166 1
2609943 2610720 1
2611497 2612274 1
2613051 2613828 1
2614605 2615382 1
2616159 2616936 1
2617713 2618490 1
2619267 2620044 1
2620821 2621598 1
2622375 2623152 1
2623929 2624706 1
2625483 2626260 1
2627037 2627814 1
2628591 2629368 1
2630145 2630922 1
2631699 2632476 1
2633253 2634030 1
2634807 2635584 1
2636361 2637138 1
2637915 2638692 1
2639469 2640246 1
2641023 2641800 1
2642577 2643354 1
2644131 2644908 1
2645685 2646462 1
2647239 2648016 1
2648793 2649570 1
2650347 2651124 1
2651901 2652678 1
2653455 2654232 1
2655009 2655786 1
2656563 2657340 1
2658117 2658894 1
2659671 2660448 1
2661225 2662002 1
2662779 2663556 1
2664333 2665110 1
2665887 2666664 1
2667441 2668218 1
2668995 2669772 1
2670549 2671326 1
2672103 2672880 1
2673657 2674434 1
2675211 2675988 1
2676765 2677542 1
2678319 2679096 1
2679873 2680650 1
2681427 2682204 1
2682981 2683758 1
2684535 2685312 1
2686089 2686866 1
2687643 2688420 1
2689197 2689974 1
2690751 2691528 1
2692305 2693082 1
2693859 2694636 1
2695413 2696190 1
2696967 2697744 1
2698521 2699298 1
2700075 2700852 1
2701629 2702406 1
2703183 2703960 1
2704737 2705514 1
2706291 2707068 1
2707845 2708622 1
2709399 2710176 1
2710953 2711730 1
2712507 2713284 1
2714061 2714838 1
2715615 2716392 1
2717169 2717946 1
2718723 2719500 1
2720277 2721054 1
2721831 2722608 1
2723385 2724162 1
2724939 2725716 1
2726493 2727270 1
2728047 2728824 1
2729601 2730378 1
2731155 2731932 1
2732709 2733486 1
2734263 2735040 1
2735817 2736594 1
2737371 2738148 1
2738925 2739702 1
2740479 2741256 1
2742033 2742810 1
2743587 2744364 1
2745141 2745918 1
2746695 2747472 1
2748249 2749026 1
2749803 2750580 1
2751357 2752134 1
2752911 2753688 1
2754465 2755242 1
2756019 2756796 1
2757573 2758350 1
2759127 2759904 1
2760681 2761458 1
2762235 2763012 1
2763789 2764566 1
2765343 2766120 1
2766897 2767674 1
2768451 2769228 1
2770005 2770782 1
2771559 2772336 1
2773113 2773890 1
2774667 2775444 1
2776221 2776998 1
2777775 2778552 1
2779329 2780106 1
2780883 2781660 1
2782437 2783214 1
2783991 2784768 1
2785545 2786322 1
2787099 2787876 1
2788653 2789430 1
2790207 2790984 1
2791761 2792538 1
2793315 2794092 1
2794869 2795646 1
2796423 2797200 1
2797977 2798754 1
2799531 2800308 1
2801085 2801862 1
2802639 2803416 1
2804193 2804970 1
2805747 2806524 1
2807301 2808078 1
2808855 2809632 1
2810409 2811186 1
2811963 2812740 1
2813517 2814294 1
2815071 2815848 1
2816625 2817402 1
2818179 2818956 1
2819733 2820510 1
2821287 2822064 1
2822841 2823618 1
2824395 2825172 1
2825949 2826726 1
2827503 2828280 1
2829057 2829834 1
2830611 2831388 1
2832165 2832942 1
2833719 2834496 1
2835273 2836050 1
2836827 2837604 1
2838381 2839158 1
2839935 2840712 1
2841489 2842266 1
2843043 2843820 1
2844597 2845374 1
2846151 2846928 1
2847705 2848482 1
2849259 2850036 1
2850813 2851590 1
2852367 2853144 1
2853921 2854698 1
2855475 2856252 1
2857029 2857806 1
2858583 2859360 1
2860137 2860914 1
2861691 2862468 1
2863245 2864022 1
2864799 2865576 1
2866353 2867130 1
2867907 2868684 1
2869461 2870238 1
2871015 2871792 1
2872569 2873346 1
2874123 2874900 1
2875677 2876454 1
2877231 2878008 1
2878785 2879562 1
2880339 2881116 1
2881893 2882670 1
2883447 2884224 1
2885001 2885778 1
2886555 2887332 1
2888109 2888886 1
2889663 2890440 1
2891217 2891994 1
2892771 2893548 1
2894325 2895102 1
2895879 2896656 1
2897433 2898210 1
2898987 2899764 1
2900541 2901318 1
2902095 2902872 1
2903649 2904426 1
2905203 2905980 1
2906757 2907534 1
2908311 2909088 1
2909865 2910642 1
2911419 2912196 1
2912973 2913750 1
2914527 2915304 1
2916081 2916858 1
2917635 2918412 1
2919189 2919966 1
2920743 2921520 1
2922297 2923074 1
2923851 2924628 1
2925405 2926182 1
2926959 2927736 1
2928513 2929290 1
2930067 2930844 1
2931621 2932398 1
2933175 2933952 1
2934729 2935506 1
2936283 2937060 1
2937837 2938614 1
2939391 2940168 1
2940945 2941722 1
2942499 2943276 1
2944053 2944830 1
2945607 2946384 1
2947161 2947938 1
2948715 2949492 1
2950269 2951046 1
2951823 2952600 1
2953377 2954154 1
2954931 2955708 1
2956485 2957262 1
2958039 2958816 1
2959593 2960370 1
2961147 2961924 1
2962701 2963478 1
2964255 2965032 1
2965809 2966586 1
2967363 2968140 1
2968917 2969694 1
2970471 2971248 1
2972025 2972802 1
2973579 2974356 1
2975133 2975910 1
2976687 2977464 1
2978241 2979018 1
2979795 2980572 1
2981349 2982126 1
2982903 2983680 1
2984457 2985234 1
2986011 2986788 1
2987565 2988342 1
2989119 2989896 1
2990673 2991450 1
2992227 2993004 1
2993781 2994558 1
2995335 2996112 1
2996889 2997666 1
2998443 2999220 1
2999997 3000774 1
3001551 3002328 1
3003105 3003882 1
3004659 3005436 1
3006213 3006990 1
3007767 3008544 1
3009321 3010098 1
3010875 3011652 1
3012429 3013206 1
3013983 3014760 1
3015537 3016314 1
3017091 3017868 1
3018645 3019422 1
3020199 3020976 1
3021753 3022530 1
3023307 3024084 1
3024861 3025638 1
3026415 3027192 1
3027969 3028746 1
3029523 3030300 1
3031077 3031854 1
3032631 3033408 1
3034185 3034962 1
3035739 3036516 1
3037293 3038070 1
3038847 3039624 1
3040401 3041178 1
3041955 3042732 1
3043509 3044286 1
3045063 3045840 1
3046617 3047394 1
3048171 3048948 1
3049725 3050502 1
3051279 3052056 1
3052833 3053610 1
3054387 3055164 1
3055941 3056718 1
3057495 3058272 1
3059049 3059826 1
3060603 3061380 1
3062157 3062934 1
3063711 3064488 1
3065265 3066042 1
3066819 3067596 1
3068373 3069150 1
3069927 3070704 1
3071481 3072258 1
3073035 3073812 1
3074589 3075366 1
3076143 3076920 1
3077697 3078474 1
3079251 3080028 1
3080805 3081582 1
3082359 3083136 1
3083913 3084690 1
3085467 3086244 1
3087021 3087798 1
3088575 3089352 1
3090129 3090906 1
3091683 3092460 1
3093237 3094014 1
3094791 3095568 1
3096345 3097122 1
3097899 3098676 1
3099453 3100230 1
3101007 3101784 1
3102561 3103338 1
3104115 3104892 1
3105669 3106446 1
3107223 3108000 1
3108777 3109554 1
3110331 3111108 1
3111885 3112662 1
3113439 3114216 1
3114993 3115770 1
3116547 3117324 1
3118101 3118878 1
3119655 3120432 1
3121209 3121986 1
3122763 3123540 1
3124317 3125094 1
3125871 3126648 1
3127425 3128202 1
3128979 3129756 1
3130533 3131310 1
3132087 3132864 1
3133641 3134418 1
3135195 3135972 1
3136749 3137526 1
3138303 3139080 1
3139857 3140634 1
3141411 3142188 1
3142965 3143742 1
3144519 3145296 1
3146073 3146850 1
3147627 3148404 1
3149181 3149958 1
3150735 3151512 1
3152289 3153066 1
3153843 3154620 1
3155397 3156174 1
3156951 3157728 1
3158505 3159282 1
3160059 3160836 1
3161613 3162390 1
3163167 3163944 1
3164721 3165498 1
3166275 3167052 1
3167829 3168606 1
3169383 3170160 1
3170937 3171714 1
3172491 3173268 1
3174045 3174822 1
3175599 3176376 1
3177153 3177930 1
3178707 3179484 1
3180261 3181038 1
3181815 3182592 1
3183369 3184146 1
3184923 3185700 1
3186477 3187254 1
3188031 3188808 1
3189585 3190362 1
3191139 3191916 1
3192693 3193470 1
3194247 3195024 1
3195801 3196578 1
3197355 3198132 1
3198909 3199686 1
3200463 3201240 1
3202017 3202794 1
3203571 3204348 1
3205125 3205902 1
3206679 3207456 1
3208233 3209010 1
3209787 3210564 1
3211341 3212118 1
3212895 3213672 1
3214449 3215226 1
3216003 3216780 1
3217557 3218334 1
3219111 3219888 1
3220665 3221442 1
3222219 3222996 1
3223773 3224550 1
3225327 3226104 1
3226881 3227658 1
3228435 3229212 1
3229989 3230766 1
3231543 3232320 1
3233097 3233874 1
3234651 3235428 1
3236205 3236982 1
3237759 3238536 1
3239313 3240090 1
3240867 3241644 1
3242421 3243198 1
3243975 3244752 1
3245529 3246306 1
3247083 3247860 1
3248637 3249414 1
3250191 3250968 1
3251745 3252522 1
3253299 3254076 1
3254853 3255630 1
3256407 3257184 1
3257961 3258738 1
3259515 3260292 1
3261069 3261846 1
3262623 3263400 1
3264177 3264954 1
3265731 3266508 1
3267285 3268062 1
3268839 3269616 1
3270393 3271170 1
3271947 3272724 1
3273501 3274278 1
3275055 3275832 1
3276609 3277386 1
3278163 3278940 1
3279717 3280494 1
3281271 3282048 1
3282825 3283602 1
3284379 3285156 1
3285933 3286710 1
3287487 3288264 1
3289041 3289818 1
3290595 3291372 1
3292149 3292926 1
3293703 3294480 1
3295257 3296034 1
3296811 3297588 1
3298365 3299142 1
3299919 3300696 1
3301473 3302250 1
3303027 3303804 1
3304581 3305358 1
3306135 3306912 1
3307689 3308466 1
3309243 3310020 1
3310797 3311574 1
3312351 3313128 1
3313905 3314682 1
3315459 3316236 1
3317013 3317790 1
3318567 3319344 1
3320121 3320898 1
3321675 3322452 1
3323229 3324006 1
3324783 3325560 1
3326337 3327114 1
3327891 3328668 1
3329445 3330222 1
3330999 3331776 1
3332553 3333330 1
3334107 3334884 1
3335661 3336438 1
3337215 3337992 1
3338769 3339546 1
3340323 3341100 1
3341877 3342654 1
3343431 3344208 1
3344985 3345762 1
3346539 3347316 1
3348093 3348870 1
3349647 3350424 1
3351201 3351978 1
3352755 3353532 1
3354309 3355086 1
3355863 3356640 1
3357417 3358194 1
3358971 3359748 1
3360525 3361302 1
3362079 3362856 1
3363633 3364410 1
3365187 3365964 1
3366741 3367518 1
3368295 3369072 1
3369849 3370626 1
3371403 3372180 1
3372957 3373734 1
3374511 3375288 1
3376065 3376842 1
3377619 3378396 1
3379173 3379950 1
3380727 3381504 1
3382281 3383058 1
3383835 3384612 1
3385389 3386166 1
3386943 3387720 1
3388497 3389274 1
3390051 3390828 1
3391605 3392382 1
3393159 3393936 1
3394713 3395490 1
3396267 3397044 1
3397821 3398598 1
3399375 3400152 1
3400929 3401706 1
3402483 3403260 1
3404037 3404814 1
3405591 3406368 1
3407145 3407922 1
3408699 3409476 1
3410253 3411030 1
3411807 3412584 1
3413361 3414138 1
3414915 3415692 1
3416469 3417246 1
3418023 3418800 1
3419577 3420354 1
3421131 3421908 1
3422685 3423462 1
3424239 3425016 1
3425793 3426570 1
3427347 3428124 1
3428901 3429678 1
3430455 3431232 1
3432009 3432786 1
3433563 3434340 1
3435117 3435894 1
3436671 3437448 1
3438225 3439002 1
3439779 3440556 1
3441333 3442110 1
3442887 3443664 1
3444441 3445218 1
3445995 3446772 1
3447549 3448326 1
3449103 3449880 1
3450657 3451434 1
3452211 3452988 1
3453765 3454542 1
3455319 3456096 1
3456873 3457650 1
3458427 3459204 1
3459981 3460758 1
3461535 3462312 1
3463089 3463866 1
3464643 3465420 1
3466197 3466974 1
3467751 3468528 1
3469305 3470082 1
3470859 3471636 1
3472413 3473190 1
3473967 3474744 1
3475521 3476298 1
3477075 3477852 1
3478629 3479406 1
3480183 3480960 1
3481737 3482514 1
3483291 3484068 1
3484845 3485622 1
3486399 3487176 1
3487953 3488730 1
3489507 3490284 1
3491061 3491838 1
3492615 3493392 1
3494169 3494946 1
3495723 3496500 1
3497277 3498054 1
3498831 3499608 1
3500385 3501162 1
3501939 3502716 1
3503493 3504270 1
3505047 3505824 1
3506601 3507378 1
3508155 3508932 1
3509709 3510486 1
3511263 3512040 1
3512817 3513594 1
3514371 3515148 1
3515925 3516702 1
3517479 3518256 1
3519033 3519810 1
3520587 3521364 1
3522141 3522918 1
3523695 3524472 1
3525249 3526026 1
3526803 3527580 1
3528357 3529134 1
3529911 3530688 1
3531465 3532242 1
3533019 3533796 1
3534573 3535350 1
3536127 3536904 1
3537681 3538458 1
3539235 3540012 1
3540789 3541566 1
3542343 3543120 1
3543897 3544674 1
3545451 3546228 1
3547005 3547782 1
3548559 3549336 1
3550113 3550890 1
3551667 3552444 1
3553221 3553998 1
3554775 3555552 1
3556329 3557106 1
3557883 3558660 1
3559437 3560214 1
3560991 3561768 1
3562545 3563322 1
3564099 3564876 1
3565653 3566430 1
3567207 3567984 1
3568761 3569538 1
3570315 3571092 1
3571869 3572646 1
3573423 3574200 1
3574977 3575754 1
3576531 3577308 1
3578085 3578862 1
3579639 3580416 1
3581193 3581970 1
3582747 3583524 1
3584301 3585078 1
3585855 3586632 1
3587409 3588186 1
3588963 3589740 1
3590517 3591294 1
3592071 3592848 1
3593625 3594402 1
3595179 3595956 1
3596733 3597510 1
3598287 3599064 1
3599841 3600618 1
3601395 3602172 1
3602949 3603726 1
3604503 3605280 1
3606057 3606834 1
3607611 3608388 1
3609165 3609942 1
3610719 3611496 1
3612273 3613050 1
3613827 3614604 1
3615381 3616158 1
3616935 3617712 1
3618489 3619266 1
3620043 3620820 1
3621597 3622374 1
3623151 3623928 1
3624705 3625482 1
3626259 3627036 1
3627813 3628590 1
3629367 3630144 1
3630921 3631698 1
3632475 3633252 1
3634029 3634806 1
3635583 3636360 1
3637137 3637914 1
3638691 3639468 1
3640245 3641022 1
3641799 3642576 1
3643353 3644130 1
3644907 3645684 1
3646461 3647238 1
3648015 3648792 1
3649569 3650346 1
3651123 3651900 1
3652677 3653454 1
3654231 3655008 1
3655785 3656562 1
3657339 3658116 1
3658893 3659670 1
3660447 3661224 1
3662001 3662778 1
3663555 3664332 1
3665109 3665886 1
3666663 3667440 1
3668217 3668994 1
3669771 3670548 1
3671325 3672102 1
3672879 3673656 1
3674433 3675210 1
3675987 3676764 1
3677541 3678318 1
3679095 3679872 1
3680649 3681426 1
3682203 3682980 1
3683757 3684534 1
3685311 3686088 1
3686865 3687642 1
3688419 3689196 1
3689973 3690750 1
3691527 3692304 1
3693081 3693858 1
3694635 3695412 1
3696189 3696966 1
3697743 3698520 1
3699297 3700074 1
3700851 3701628 1
3702405 3703182 1
3703959 3704736 1
3705513 3706290 1
3707067 3707844 1
3708621 3709398 1
3710175 3710952 1
3711729 3712506 1
3713283 3714060 1
3714837 3715614 1
3716391 3717168 1
3717945 3718722 1
3719499 3720276 1
3721053 3721830 1
3722607 3723384 1
3724161 3724938 1
3725715 3726492 1
3727269 3728046 1
3728823 3729600 1
3730377 3731154 1
3731931 3732708 1
3733485 3734262 1
3735039 3735816 1
3736593 3737370 1
3738147 3738924 1
3739701 3740478 1
3741255 3742032 1
3742809 3743586 1
3744363 3745140 1
3745917 3746694 1
3747471 3748248 1
3749025 3749802 1
3750579 3751356 1
3752133 3752910 1
3753687 3754464 1
3755241 3756018 1
3756795 3757572 1
3758349 3759126 1
3759903 3760680 1
3761457 3762234 1
3763011 3763788 1
3764565 3765342 1
3766119 3766896 1
3767673 3768450 1
3769227 3770004 1
3770781 3771558 1
3772335 3773112 1
3773889 3774666 1
3775443 3776220 1
3776997 3777774 1
3778551 3779328 1
3780105 3780882 1
3781659 3782436 1
3783213 3783990 1
3784767 3785544 1
3786321 3787098 1
3787875 3788652 1
3789429 3790206 1
3790983 3791760 1
3792537 3793314 1
3794091 3794868 1
3795645 3796422 1
3797199 3797976 1
3798753 3799530 1
3800307 3801084 1
3801861 3802638 1
3803415 3804192 1
3804969 3805746 1
3806523 3807300 1
3808077 3808854 1
3809631 3810408 1
3811185 3811962 1
3812739 3813516 1
3814293 3815070 1
3815847 3816624 1
3817401 3818178 1
3818955 3819732 1
3820509 3821286 1
3822063 3822840 1
3823617 3824394 1
3825171 3825948 1
3826725 3827502 1
3828279 3829056 1
3829833 3830610 1
3831387 3832164 1
3832941 3833718 1
3834495 3835272 1
3836049 3836826 1
3837603 3838380 1
3839157 3839934 1
3840711 3841488 1
3842265 3843042 1
3843819 3844596 1
3845373 3846150 1
3846927 3847704 1
3848481 3849258 1
3850035 3850812 1
3851589 3852366 1
3853143 3853920 1
3854697 3855474 1
3856251 3857028 1
3857805 3858582 1
3859359 3860136 1
3860913 3861690 1
3862467 3863244 1
3864021 3864798 1
3865575 3866352 1
3867129 3867906 1
3868683 3869460 1
3870237 3871014 1
3871791 3872568 1
3873345 3874122 1
3874899 3875676 1
3876453 3877230 1
3878007 3878784 1
3879561 3880338 1
3881115 3881892 1
3882669 3883446 1
3884223 3885000 1
3885777 3886554 1
3887331 3888108 1
3888885 3889662 1
3890439 3891216 1
3891993 3892770 1
3893547 3894324 1
3895101 3895878 1
3896655 3897432 1
3898209 3898986 1
3899763 3900540 1
3901317 3902094 1
3902871 3903648 1
3904425 3905202 1
3905979 3906756 1
3907533 3908310 1
3909087 3909864 1
3910641 3911418 1
3912195 3912972 1
3913749 3914526 1
3915303 3916080 1
3916857 3917634 1
3918411 3919188 1
3919965 3920742 1
3921519 3922296 1
3923073 3923850 1
3924627 3925404 1
3926181 3926958 1
3927735 3928512 1
3929289 3930066 1
3930843 3931620 1
3932397 3933174 1
3933951 3934728 1
3935505 3936282 1
3937059 3937836 1
3938613 3939390 1
3940167 3940944 1
3941721 3942498 1
3943275 3944052 1
3944829 3945606 1
3946383 3947160 1
3947937 3948714 1
3949491 3950268 1
3951045 3951822 1
3952599 3953376 1
3954153 3954930 1
3955707 3956484 1
3957261 3958038 1
3958815 3959592 1
3960369 3961146 1
3961923 3962700 1
3963477 3964254 1
3965031 3965808 1
3966585 3967362 1
3968139 3968916 1
3969693 3970470 1
3971247 3972024 1
3972801 3973578 1
3974355 3975132 1
3975909 3976686 1
3977463 3978240 1
3979017 3979794 1
3980571 3981348 1
3982125 3982902 1
3983679 3984456 1
3985233 3986010 1
3986787 3987564 1
3988341 3989118 1
3989895 3990672 1
3991449 3992226 1
3993003 3993780 1
3994557 3995334 1
3996111 3996888 1
3997665 3998442 1
3999219 3999996 1
4000773 4001550 1
4002327 4003104 1
4003881 4004658 1
4005435 4006212 1
4006989 4007766 1
4008543 4009320 1
4010097 4010874 1
4011651 4012428 1
4013205 4013982 1
4014759 4015536 1
4016313 4017090 1
4017867 4018644 1
4019421 4020198 1
4020975 4021752 1
4022529 4023306 1
4024083 4024860 1
4025637 4026414 1
4027191 4027968 1
4028745 4029522 1
4030299 4031076 1
4031853 4032630 1
4033407 4034184 1
4034961 4035738 1
4036515 4037292 1
4038069 4038846 1
4039623 4040400 1
4041177 4041954 1
4042731 4043508 1
4044285 4045062 1
4045839 4046616 1
4047393 4048170 1
4048947 4049724 1
4050501 4051278 1
4052055 4052832 1
4053609 4054386 1
4055163 4055940 1
4056717 4057494 1
4058271 4059048 1
4059825 4060602 1
4061379 4062156 1
4062933 4063710 1
4064487 4065264 1
4066041 4066818 1
4067595 4068372 1
4069149 4069926 1
4070703 4071480 1
4072257 4073034 1
4073811 4074588 1
4075365 4076142 1
4076919 4077696 1
4078473 4079250 1
4080027 4080804 1
4081581 4082358 1
4083135 4083912 1
4084689 4085466 1
4086243 4087020 1
4087797 4088574 1
4089351 4090128 1
4090905 4091682 1
4092459 4093236 1
4094013 4094790 1
4095567 4096344 1
4097121 4097898 1
4098675 4099452 1
4100229 4101006 1
4101783 4102560 1
4103337 4104114 1
4104891 4105668 1
4106445 4107222 1
4107999 4108776 1
4109553 4110330 1
4111107 4111884 1
4112661 4113438 1
4114215 4114992 1
4115769 4116546 1
4117323 4118100 1
4118877 4119654 1
4120431 4121208 1
4121985 4122762 1
4123539 4124316 1
4125093 4125870 1
4126647 4127424 1
4128201 4128978 1
4129755 4130532 1
4131309 4132086 1
4132863 4133640 1
4134417 4135194 1
4135971 4136748 1
4137525 4138302 1
4139079 4139856 1
4140633 4141410 1
4142187 4142964 1
4143741 4144518 1
4145295 4146072 1
4146849 4147626 1
4148403 4149180 1
4149957 4150734 1
4151511 4152288 1
4153065 4153842 1
4154619 4155396 1
4156173 4156950 1
4157727 4158504 1
4159281 4160058 1
4160835 4161612 1
4162389 4163166 1
4163943 4164720 1
4165497 4166274 1
4167051 4167828 1
4168605 4169382 1
4170159 4170936 1
4171713 4172490 1
4173267 4174044 1
4174821 4175598 1
4176375 4177152 1
4177929 4178706 1
4179483 4180260 1
4181037 4181814 1
4182591 4183368 1
4184145 4184922 1
4185699 4186476 1
4187253 4188030 1
4188807 4189584 1
4190361 4191138 1
4191915 4192692 1
4193469 4194246 1
4195023 4195800 1
4196577 4197354 1
4198131 4198908 1
4199685 4200462 1
4201239 4202016 1
4202793 4203570 1
4204347 4205124 1
4205901 4206678 1
4207455 4208232 1
4209009 4209786 1
4210563 4211340 1
4212117 4212894 1
4213671 4214448 1
4215225 4216002 1
4216779 4217556 1
4218333 4219110 1
4219887 4220664 1
4221441 4222218 1
4222995 4223772 1
4224549 4225326 1
4226103 4226880 1
4227657 4228434 1
4229211 4229988 1
4230765 4231542 1
4232319 4233096 1
4233873 4234650 1
4235427 4236204 1
4236981 4237758 1
4238535 4239312 1
4240089 4240866 1
4241643 4242420 1
4243197 4243974 1
4244751 4245528 1
4246305 4247082 1
4247859 4248636 1
4249413 4250190 1
4250967 4251744 1
4252521 4253298 1
4254075 4254852 1
4255629 4256406 1
4257183 4257960 1
4258737 4259514 1
4260291 4261068 1
4261845 4262622 1
4263399 4264176 1
4264953 4265730 1
4266507 4267284 1
4268061 4268838 1
4269615 4270392 1
4271169 4271946 1
4272723 4273500 1
4274277 4275054 1
4275831 4276608 1
4277385 4278162 1
4278939 4279716 1
4280493 4281270 1
4282047 4282824 1
4283601 4284378 1
4285155 4285932 1
4286709 4287486 1
4288263 4289040 1
4289817 4290594 1
4291371 4292148 1
4292925 4293702 1
4294479 4295256 1
4296033 4296810 1
4297587 4298364 1
4299141 4299918 1
4300695 4301472 1
4302249 4303026 1
4303803 4304580 1
4305357 4306134 1
4306911 4307688 1
4308465 4309242 1
4310019 4310796 1
4311573 4312350 1
4313127 4313904 1
4314681 4315458 1
4316235 4317012 1
4317789 4318566 1
4319343 4320120 1
4320897 4321674 1
4322451 4323228 1
4324005 4324782 1
4325559 4326336 1
4327113 4327890 1
4328667 4329444 1
4330221 4330998 1
4331775 4332552 1
4333329 4334106 1
4334883 4335660 1
4336437 4337214 1
4337991 4338768 1
4339545 4340322 1
4341099 4341876 1
4342653 4343430 1
4344207 4344984 1
4345761 4346538 1
4347315 4348092 1
4348869 4349646 1
4350423 4351200 1
4351977 4352754 1
4353531 4354308 1
4355085 4355862 1
4356639 4357416 1
4358193 4358970 1
4359747 4360524 1
4361301 4362078 1
4362855 4363632 1
4364409 4365186 1
4365963 4366740 1
4367517 4368294 1
4369071 4369848 1
4370625 4371402 1
4372179 4372956 1
4373733 4374510 1
4375287 4376064 1
4376841 4377618 1
4378395 4379172 1
4379949 4380726 1
4381503 4382280 1
4383057 4383834 1
4384611 4385388 1
4386165 4386942 1
4387719 4388496 1
4389273 4390050 1
4390827 4391604 1
4392381 4393158 1
4393935 4394712 1
4395489 4396266 1
4397043 4397820 1
4398597 4399374 1
4400151 4400928 1
4401705 4402482 1
4403259 4404036 1
4404813 4405590 1
4406367 4407144 1
4407921 4408698 1
4409475 4410252 1
4411029 4411806 1
4412583 4413360 1
4414137 4414914 1
4415691 4416468 1
4417245 4418022 1
4418799 4419576 1
4420353 4421130 1
4421907 4422684 1
4423461 4424238 1
4425015 4425792 1
4426569 4427346 1
4428123 4428900 1
4429677 4430454 1
4431231 4432008 1
4432785 4433562 1
4434339 4435116 1
4435893 4436670 1
4437447 4438224 1
4439001 4439778 1
4440555 4441332 1
4442109 4442886 1
4443663 4444440 1
4445217 4445994 1
4446771 4447548 1
4448325 4449102 1
4449879 4450656 1
4451433 4452210 1
4452987 4453764 1
4454541 4455318 1
4456095 4456872 1
4457649 4458426 1
4459203 4459980 1
4460757 4461534 1
4462311 4463088 1
4463865 4464642 1
4465419 4466196 1
4466973 4467750 1
4468527 4469304 1
4470081 4470858 1
4471635 4472412 1
4473189 4473966 1
4474743 4475520 1
4476297 4477074 1
4477851 4478628 1
4479405 4480182 1
4480959 4481736 1
4482513 4483290 1
4484067 4484844 1
4485621 4486398 1
4487175 4487952 1
4488729 4489506 1
4490283 4491060 1
4491837 4492614 1
4493391 4494168 1
4494945 4495722 1
4496499 4497276 1
4498053 4498830 1
4499607 4500384 1
4501161 4501938 1
4502715 4503492 1
4504269 4505046 1
4505823 4506600 1
4507377 4508154 1
4508931 4509708 1
4510485 4511262 1
4512039 4512816 1
4513593 4514370 1
4515147 4515924 1
4516701 4517478 1
4518255 4519032 1
4519809 4520586 1
4521363 4522140 1
4522917 4523694 1
4524471 4525248 1
4526025 4526802 1
4527579 4528356 1
4529133 4529910 1
4530687 4531464 1
4532241 4533018 1
4533795 4534572 1
4535349 4536126 1
4536903 4537680 1
4538457 4539234 1
4540011 4540788 1
4541565 4542342 1
4543119 4543896 1
4544673 4545450 1
4546227 4547004 1
4547781 4548558 1
4549335 4550112 1
4550889 4551666 1
4552443 4553220 1
4553997 4554774 1
4555551 4556328 1
4557105 4557882 1
4558659 4559436 1
4560213 4560990 1
4561767 4562544 1
4563321 4564098 1
4564875 4565652 1
4566429 4567206 1
4567983 4568760 1
4569537 4570314 1
4571091 4571868 1
4572645 4573422 1
4574199 4574976 1
4575753 4576530 1
4577307 4578084 1
4578861 4579638 1
4580415 4581192 1
4581969 4582746 1
4583523 4584300 1
4585077 4585854 1
4586631 4587408 1
4588185 4588962 1
4589739 4590516 1
4591293 4592070 1
4592847 4593624 1
4594401 4595178 1
4595955 4596732 1
4597509 4598286 1
4599063 4599840 1
4600617 4601394 1
4602171 4602948 1
4603725 4604502 1
4605279 4606056 1
4606833 4607610 1
4608387 4609164 1
4609941 4610718 1
4611495 4612272 1
4613049 4613826 1
4614603 4615380 1
4616157 4616934 1
4617711 4618488 1
4619265 4620042 1
4620819 4621596 1
4622373 4623150 1
4623927 4624704 1
4625481 4626258 1
4627035 4627812 1
4628589 4629366 1
4630143 4630920 1
4631697 4632474 1
4633251 4634028 1
4634805 4635582 1
4636359 4637136 1
4637913 4638690 1
4639467 4640244 1
4641021 4641798 1
4642575 4643352 1
4644129 4644906 1
4645683 4646460 1
4647237 4648014 1
4648791 4649568 1
4650345 4651122 1
4651899 4652676 1
4653453 4654230 1
4655007 4655784 1
4656561 4657338 1
4658115 4658892 1
4659669 4660446 1
4661223 4662000 1
4662777 4663554 1
4664331 4665108 1
4665885 4666662 1
4667439 4668216 1
4668993 4669770 1
4670547 4671324 1
4672101 4672878 1
4673655 4674432 1
4675209 4675986 1
4676763 4677540 1
4678317 4679094 1
4679871 4680648 1
4681425 4682202 1
4682979 4683756 1
4684533 4685310 1
4686087 4686864 1
4687641 4688418 1
4689195 4689972 1
4690749 4691526 1
4692303 4693080 1
4693857 4694634 1
4695411 4696188 1
4696965 4697742 1
4698519 4699296 1
4700073 4700850 1
4701627 4702404 1
4703181 4703958 1
4704735 4705512 1
4706289 4707066 1
4707843 4708620 1
4709397 4710174 1
4710951 4711728 1
4712505 4713282 1
4714059 4714836 1
4715613 4716390 1
4717167 4717944 1
4718721 4719498 1
4720275 4721052 1
4721829 4722606 1
4723383 4724160 1
4724937 4725714 1
4726491 4727268 1
4728045 4728822 1
4729599 4730376 1
4731153 4731930 1
4732707 4733484 1
4734261 4735038 1
4735815 4736592 1
4737369 4738146 1
4738923 4739700 1
4740477 4741254 1
4742031 4742808 1
4743585 4744362 1
4745139 4745916 1
4746693 4747470 1
4748247 4749024 1
4749801 4750578 1
4751355 4752132 1
4752909 4753686 1
4754463 4755240 1
4756017 4756794 1
4757571 4758348 1
4759125 4759902 1
4760679 4761456 1
4762233 4763010 1
4763787 4764564 1
4765341 4766118 1
4766895 4767672 1
4768449 4769226 1
4770003 4770780 1
4771557 4772334 1
4773111 4773888 1
4774665 4775442 1
4776219 4776996 1
4777773 4778550 1
4779327 4780104 1
4780881 4781658 1
4782435 4783212 1
4783989 4784766 1
4785543 4786320 1
4787097 4787874 1
4788651 4789428 1
4790205 4790982 1
4791759 4792536 1
4793313 4794090 1
4794867 4795644 1
4796421 4797198 1
4797975 4798752 1
4799529 4800306 1
4801083 4801860 1
4802637 4803414 1
4804191 4804968 1
4805745 4806522 1
4807299 4808076 1
4808853 4809630 1
4810407 4811184 1
4811961 4812738 1
4813515 4814292 1
4815069 4815846 1
4816623 4817400 1
4818177 4818954 1
4819731 4820508 1
4821285 4822062 1
4822839 4823616 1
4824393 4825170 1
4825947 4826724 1
4827501 4828278 1
4829055 4829832 1
4830609 4831386 1
4832163 4832940 1
4833717 4834494 1
4835271 4836048 1
4836825 4837602 1
4838379 4839156 1
4839933 4840710 1
4841487 4842264 1
4843041 4843818 1
4844595 4845372 1
4846149 4846926 1
4847703 4848480 1
4849257 4850034 1
4850811 4851588 1
4852365 4853142 1
4853919 4854696 1
4855473 4856250 1
4857027 4857804 1
4858581 4859358 1
4860135 4860912 1
4861689 4862466 1
4863243 4864020 1
4864797 4865574 1
4866351 4867128 1
4867905 4868682 1
4869459 4870236 1
4871013 4871790 1
4872567 4873344 1
4874121 4874898 1
4875675 4876452 1
4877229 4878006 1
4878783 4879560 1
4880337 4881114 1
4881891 4882668 1
4883445 4884222 1
4884999 4885776 1
4886553 4887330 1
4888107 4888884 1
4889661 4890438 1
4891215 4891992 1
4892769 4893546 1
4894323 4895100 1
4895877 4896654 1
4897431 4898208 1
4898985 4899762 1
4900539 4901316 1
4902093 4902870 1
4903647 4904424 1
4905201 4905978 1
4906755 4907532 1
4908309 4909086 1
4909863 4910640 1
4911417 4912194 1
4912971 4913748 1
4914525 4915302 1
4916079 4916856 1
4917633 4918410 1
4919187 4919964 1
4920741 4921518 1
4922295 4923072 1
4923849 4924626 1
4925403 4926180 1
4926957 4927734 1
4928511 4929288 1
4930065 4930842 1
4931619 4932396 1
4933173 4933950 1
4934727 4935504 1
4936281 4937058 1
4937835 4938612 1
4939389 4940166 1
4940943 4941720 1
4942497 4943274 1
4944051 4944828 1
4945605 4946382 1
4947159 4947936 1
4948713 4949490 1
4950267 4951044 1
4951821 4952598 1
4953375 4954152 1
4954929 4955706 1
4956483 4957260 1
4958037 4958814 1
4959591 4960368 1
4961145 4961922 1
4962699 4963476 1
4964253 4965030 1
4965807 4966584 1
4967361 4968138 1
4968915 4969692 1
4970469 4971246 1
4972023 4972800 1
4973577 4974354 1
4975131 4975908 1
4976685 4977462 1
4978239 4979016 1
4979793 4980570 1
4981347 4982124 1
4982901 4983678 1
4984455 4985232 1
4986009 4986786 1
4987563 4988340 1
4989117 4989894 1
4990671 4991448 1
4992225 4993002 1
4993779 4994556 1
4995333 4996110 1
4996887 4997664 1
4998441 4999218 1
4999995 5000772 1
5001549 5002326 1
5003103 5003880 1
5004657 5005434 1
5006211 5006988 1
5007765 5008542 1
5009319 5010096 1
5010873 5011650 1
5012427 5013204 1
5013981 5014758 1
5015535 5016312 1
5017089 5017866 1
5018643 5019420 1
5020197 5020974 1
5021751 5022528 1
5023305 5024082 1
5024859 5025636 1
5026413 5027190 1
5027967 5028744 1
5029521 5030298 1
5031075 5031852 1
5032629 5033406 1
5034183 5034960 1
5035737 5036514 1
5037291 5038068 1
5038845 5039622 1
5040399 5041176 1
5041953 5042730 1
5043507 5044284 1
5045061 5045838 1
5046615 5047392 1
5048169 5048946 1
5049723 5050500 1
5051277 5052054 1
5052831 5053608 1
5054385 5055162 1
5055939 5056716 1
5057493 5058270 1
5059047 5059824 1
5060601 5061378 1
5062155 5062932 1
5063709 5064486 1
5065263 5066040 1
5066817 5067594 1
5068371 5069148 1
5069925 5070702 1
5071479 5072256 1
5073033 5073810 1
5074587 5075364 1
5076141 5076918 1
5077695 5078472 1
5079249 5080026 1
5080803 5081580 1
5082357 5083134 1
5083911 5084688 1
5085465 5086242 1
5087019 5087796 1
5088573 5089350 1
5090127 5090904 1
5091681 5092458 1
5093235 5094012 1
5094789 5095566 1
5096343 5097120 1
5097897 5098674 1
5099451 5100228 1
5101005 5101782 1
5102559 5103336 1
5104113 5104890 1
5105667 5106444 1
5107221 5107998 1
5108775 5109552 1
5110329 5111106 1
5111883 5112660 1
5113437 5114214 1
5114991 5115768 1
5116545 5117322 1
5118099 5118876 1
5119653 5120430 1
5121207 5121984 1
5122761 5123538 1
5124315 5125092 1
5125869 5126646 1
5127423 5128200 1
5128977 5129754 1
5130531 5131308 1
5132085 5132862 1
5133639 5134416 1
5135193 5135970 1
5136747 5137524 1
5138301 5139078 1
5139855 5140632 1
5141409 5142186 1
5142963 5143740 1
5144517 5145294 1
5146071 5146848 1
5147625 5148402 1
5149179 5149956 1
5150733 5151510 1
5152287 5153064 1
5153841 5154618 1
5155395 5156172 1
5156949 5157726 1
5158503 5159280 1
5160057 5160834 1
5161611 5162388 1
5163165 5163942 1
5164719 5165496 1
5166273 5167050 1
5167827 5168604 1
5169381 5170158 1
5170935 5171712 1
5172489 5173266 1
5174043 5174820 1
5175597 5176374 1
5177151 5177928 1
5178705 5179482 1
5180259 5181036 1
5181813 5182590 1
5183367 5184144 1
5184921 5185698 1
5186475 5187252 1
5188029 5188806 1
5189583 5190360 1
5191137 5191914 1
5192691 5193468 1
5194245 5195022 1
5195799 5196576 1
5197353 5198130 1
5198907 5199684 1
5200461 5201238 1
5202015 5202792 1
5203569 5204346 1
5205123 5205900 1
5206677 5207454 1
5208231 5209008 1
5209785 5210562 1
5211339 5212116 1
5212893 5213670 1
5214447 5215224 1
5216001 5216778 1
5217555 5218332 1
5219109 5219886 1
5220663 5221440 1
5222217 5222994 1
5223771 5224548 1
5225325 5226102 1
5226879 5227656 1
5228433 5229210 1
5229987 5230764 1
5231541 5232318 1
5233095 5233872 1
5234649 5235426 1
5236203 5236980 1
5237757 5238534 1
5239311 5240088 1
5240865 5241642 1
5242419 5243196 1
5243973 5244750 1
5245527 5246304 1
5247081 5247858 1
5248635 5249412 1
5250189 5250966 1
5251743 5252520 1
5253297 5254074 1
5254851 5255628 1
5256405 5257182 1
5257959 5258736 1
5259513 5260290 1
5261067 5261844 1
5262621 5263398 1
5264175 5264952 1
5265729 5266506 1
5267283 5268060 1
5268837 5269614 1
5270391 5271168 1
5271945 5272722 1
5273499 5274276 1
5275053 5275830 1
5276607 5277384 1
5278161 5278938 1
5279715 5280492 1
5281269 5282046 1
5282823 5283600 1
5284377 5285154 1
5285931 5286708 1
5287485 5288262 1
5289039 5289816 1
5290593 5291370 1
5292147 5292924 1
5293701 5294478 1
5295255 5296032 1
5296809 5297586 1
5298363 5299140 1
5299917 5300694 1
5301471 5302248 1
5303025 5303802 1
5304579 5305356 1
5306133 5306910 1
5307687 5308464 1
5309241 5310018 1
5310795 5311572 1
5312349 5313126 1
5313903 5314680 1
5315457 5316234 1
5317011 5317788 1
5318565 5319342 1
5320119 5320896 1
5321673 5322450 1
5323227 5324004 1
5324781 5325558 1
5326335 5327112 1
5327889 5328666 1
5329443 5330220 1
5330997 5331774 1
5332551 5333328 1
5334105 5334882 1
5335659 5336436 1
5337213 5337990 1
5338767 5339544 1
5340321 5341098 1
5341875 5342652 1
5343429 5344206 1
5344983 5345760 1
5346537 5347314 1
5348091 5348868 1
5349645 5350422 1
5351199 5351976 1
5352753 5353530 1
5354307 5355084 1
5355861 5356638 1
5357415 5358192 1
5358969 5359746 1
5360523 5361300 1
5362077 5362854 1
5363631 5364408 1
5365185 5365962 1
5366739 5367516 1
5368293 5369070 1
5369847 5370624 1
5371401 5372178 1
5372955 5373732 1
5374509 5375286 1
5376063 5376840 1
5377617 5378394 1
5379171 5379948 1
5380725 5381502 1
5382279 5383056 1
5383833 5384610 1
5385387 5386164 1
5386941 5387718 1
5388495 5389272 1
5390049 5390826 1
5391603 5392380 1
5393157 5393934 1
5394711 5395488 1
5396265 5397042 1
5397819 5398596 1
5399373 5400150 1
5400927 5401704 1
5402481 5403258 1
5404035 5404812 1
5405589 5406366 1
5407143 5407920 1
5408697 5409474 1
5410251 5411028 1
5411805 5412582 1
5413359 5414136 1
5414913 5415690 1
5416467 5417244 1
5418021 5418798 1
5419575 5420352 1
5421129 5421906 1
5422683 5423460 1
5424237 5425014 1
5425791 5426568 1
5427345 5428122 1
5428899 5429676 1
5430453 5431230 1
5432007 5432784 1
5433561 5434338 1
5435115 5435892 1
5436669 5437446 1
5438223 5439000 1
777 170940 2
4683756 1102563 2
1484847 3653454 2
1733487 880341 2
2024862 2315460 2
446775 2582748 2
383838 4573422 2
325563 1595958 2
4989117 2001552 2
4213671 1783992 2
3794868 4592070 2
3905202 1668219 2
885003 1792539 2
2535351 1341879 2
4491060 1518258 2
2620821 811965 2
4756017 1563324 2
4203570 5311572 2
2679096 4829832 2
4499607 111111 2
767676 780885 2
2724162 118104 2
3225327 52836 2
4212894 3539235 2
4191138 3851589 2
3032631 1121211 2
3704736 3224550 2
5197353 3503493 2
5430453 1326339 2
3678318 1608390 2
467754 4201239 2
2693859 4795644 2
2773890 3118878 2
5184921 3724938 2
1842267 41958 2
3836826 5379171 2
4210563 4077696 2
1075368 781662 2
4969692 4265730 2
3205125 4703181 2
3749802 1565655 2
509712 3421131 2
1523697 4771557 2
877233 1486401 2
2957262 5226102 2
948717 854700 2
1458429 965811 2
3137526 2710176 2
1551669 848484 2
3317013 4023306 2
4059825 437451 2
415695 325563 2
579642 4327113 2
4383834 2076144 2
3329445 2376066 2
4029522 2686866 2
1857030 4454541 2
4444440 769230 2
508935 365967 2
328671 1055166 2
3660447 1237761 2
3102561 1384614 2
1990674 4553220 2
1711731 1713285 2
3570315 3765342 2
4911417 1733487 2
2603727 1613052 2
4170936 4027968 2
3002328 3936282 2
2239314 2948715 2
3240867 4789428 2
3638691 611499 2
2566431 2195802 2
624708 293706 2
2984457 3662778 2
439782 5013981 2
4561767 3706290 2
5042730 1508157 2
3812739 3995334 2
2719500 3610719 2
860916 1251747 2
5148402 1985235 2
689199 5368293 2
1665888 296814 2
554778 4714059 2
3016314 3792537 2
547785 3638691 2
90132 1685313 2
4919187 2911419 2
1779330 2406369 2
4898985 1888887 2
1924629 2653455 2
389277 4627812 2
4135971 981351 2
5019420 2684535 2
694638 4853919 2
2193471 1128981 2
4390050 3195024 2
597513 3390051 2
5045838 2940168 2
1773891 2439003 2
1233876 1004661 2
3756018 5418021 2
3425793 3762234 2
2941722 529137 2
4064487 808857 2
1267287 4788651 2
3882669 2386944 2
5332551 840714 2
214452 1003107 2
52836 2060604 2
2148405 1979019 2
448329 2468529 2
2745141 2505048 2
3673656 4447548 2
3083913 1378398 2
2025639 3169383 2
4756017 3306912 2
1399377 3790983 2
3033408 4779327 2
1963479 1979796 2
3381504 4243197 2
2486400 1117326 2
3797976 4553997 2
4089351 4905201 2
1014762 4218333 2
1455321 1607613 2
3822840 2485623 2
5245527 1025640 2
66822 1221444 2
4890438 1756020 2
4693857 4150734 2
5257959 1492617 2
2154621 4547781 2
113442 1343433 2
287490 2761458 2
2299920 2331 2
816627 3858582 2
1700076 2150736 2
2979018 1419579 2
822066 1593627 2
418803 3838380 2
1797201 4292925 2
3564099 3079251 2
4875675 118881 2
1392384 4813515 2
3723384 176379 2
860139 846153 2
2246307 2278941 2
781662 20979 2
2881116 4146849 2
3102561 1255632 2
4690749 337218 2
2639469 408702 2
1996890 3613050 2
1120434 4372179 2
2836050 2277387 2
213675 5396265 2
873348 253302 2
320901 551670 2
4370625 5191914 2
626262 1160838 2
4153065 5331774 2
2705514 175602 2
3229212 4363632 2
5017089 2780106 2
3590517 5436669 2
4183368 3893547 2
4863243 5411805 2
3986010 4250967 2
91686 1991451 2
1739703 407148 2
4262622 1414917 2
4651122 4993779 2
264180 4864797 2
5027190 2656563 2
3748248 2056719 2
2296035 4061379 2
3786321 1855476 2
3423462 2773890 2
5270391 550116 2
5386164 131313 2
3353532 1937061 2
2776998 3515925 2
4407144 3459204 2
5176374 2711730 2
2640246 5418021 2
1301475 1081584 2
2380728 3749802 2
4128978 175602 2
3333330 4353531 2
2526027 916083 2
3451434 407148 2
5234649 4282824 2
4733484 2341101 2
31857 1206681 2
3139857 4801083 2
319347 2579640 2
5066817 4731930 2
4675986 3923850 2
5337213 1156953 2
839160 3597510 2
4488729 1032633 2
94017 4441332 2
3050502 2550891 2
2389275 809634 2
4351200 4748247 2
520590 3254853 2
4348869 1181817 2
2581971 2197356 2
2730378 3828279 2
4247859 1717947 2
191919 3289818 2
1588188 319347 2
2533797 1195026 2
459207 3566430 2
4655007 1865577 2
1661226 2563323 2
4984455 3935505 2
2232321 457653 2
4397820 1371405 2
198135 1892772 2
4812738 4682202 2
2380728 1364412 2
2292927 2006214 2
3539235 2338770 2
3459204 4124316 2
4421130 2480184 2
2923851 3350424 2
1674435 1306914 2
2220666 3940167 2
3566430 976689 2
5224548 193473 2
1760682 4866351 2
2542344 2795646 2
4773111 3661224 2
2256408 3168606 2
787878 5304579 2
2558661 836052 2
1703184 3338769 2
4440555 2629368 2
735819 2529912 2
785547 1797978 2
3602949 4470081 2
4661223 846153 2
961926 4063710 2
1501164 1871793 2
1348095 212121 2
4897431 3751356 2
438228 3612273 2
79254 3365964 2
3163944 4193469 2
1041957 4867128 2
4414914 3490284 2
2652678 4250967 2
4066041 1040403 2
2056719 4926957 2
2864799 4756794 2
3958815 1625484 2
3228435 591297 2
1874124 1920744 2
2299920 3119655 2
4970469 3693858 2
4013982 5414913 2
1948716 518259 2
2177931 1508157 2
5018643 1285158 2
2110332 439005 2
2874900 2795646 2
2922297 1219890 2
1064490 2258739 2
5275830 2734263 2
3147627 2018646 2
2044287 4289817 2
4976685 3705513 2
3119655 2867907 2
5055162 1245531 2
123543 5325558 2
2693082 5278938 2
1125096 4496499 2
518259 2355087 2
332556 5428122 2
2091684 3833718 2
4707066 4465419 2
2143743 3566430 2
1497279 4706289 2
989121 1991451 2
2243199 450660 2
5267283 27972 2
1017870 567210 2
341880 3464643 2
1483293 4372956 2
645687 3776997 2
2211342 2659671 2
2834496 545454 2
5101782 1766898 2
5171712 1489509 2
4316235 4651122 2
2289042 2741256 2
1554000 3948714 2
1819734 2318568 2
2350425 5292924 2
1965810 3189585 2
3861690 2624706 2
953379 1764567 2
2272725 2627814 2
1937061 2533020 2
349650 984459 2
5425791 2995335 2
2488731 4864020 2
4467750 3211341 2
2272725 1625484 2
4579638 3152289 2
1531467 3501939 2
4789428 1379175 2
3393936 248640 2
2579640 4474743 2
4718721 1202796 2
5319342 3636360 2
3811962 1457652 2
4927734 1284381 2
2602950 1919190 2
4393935 3305358 2
135198 2262624 2
1249416 2667441 2
2785545 1366743 2
3010875 3285933 2
1829058 3114216 2
4158504 3822840 2
882672 5027190 2
2398599 3885777 2
3035739 2966586 2
2804193 3984456 2
4865574 2985234 2
3282048 4600617 2
2320122 115773 2
5139855 206682 2
3986787 4932396 2
1411032 3502716 2
5081580 4254075 2
307692 523698 2
1954932 4798752 2
1105671 5139078 2
3190362 5362077 2
4307688 2102562 2
140637 122766 2
3303027 4285155 2
2553999 2755242 2
4020198 5080803 2
1518258 877233 2
746697 5397042 2
714840 1847706 2
843045 2275056 2
2707845 564102 2
2067597 1610721 2
1495725 372960 2
1620822 4578861 2
1317015 2038848 2
3178707 309246 2
1437450 2142966 2
412587 4157727 2
2261070 164724 2
3877230 2803416 2
2407146 3947160 2
21756 522921 2
1306914 2875677 2
4391604 3384612 2
1432011 4550112 2
2592849 2479407 2
233877 3633252 2
3629367 2317791 2
1268841 3153843 2
1912974 496503 2
4655784 3168606 2
4563321 135975 2
3639468 3633252 2
4602948 1961148 2
4505046 4378395 2
4999218 434343 2
1439781 2801862 2
4061379 4230765 2
2449104 2108778 2
924630 4846926 2
2571093 764568 2
5052831 3376065 2
3217557 488733 2
2428125 201243 2
3796422 738927 2
1052835 540015 2
1902873 3397044 2
2376066 3125871 2
1648017 3777774 2
2236206 490287 2
3878007 5272722 2
1174047 4373733 2
2318568 3824394 2
5344206 2337216 2
188034 4024860 2
593628 3233097 2
3337992 4874898 2
3313128 4202016 2
1738149 3400152 2
4738923 1479408 2
1421910 396270 2
2054388 61383 2
1770006 4814292 2
960372 391608 2
4740477 2042733 2
851592 1406370 2
2571870 4960368 2
2288265 827505 2
660450 3443664 2
1655787 2132865 2
3108777 4638690 2
4553220 918414 2
4042731 4153065 2
3764565 885003 2
1938615 1605282 2
5024859 2258739 2
1188810 1315461 2
198135 4695411 2
4557105 80808 2
1002330 2849259 2
1540791 3422685 2
2974356 3056718 2
2521365 4282047 2
976689 3961146 2
1341102 894327 2
4807299 4876452 2
505050 1411809 2
4864020 3759126 2
660450 2274279 2
2346540 2351979 2
4266507 4822839 2
2250192 4849257 2
3090129 55944 2
4787097 3165498 2
2150736 5055162 2
4973577 3139857 2
3535350 2114994 2
675213 474747 2
5406366 2799531 2
5256405 1508157 2
2187255 3653454 2
2556330 353535 2
452991 4126647 2
811965 4780881 2
1150737 2998443 2
860139 3338769 2
3476298 5181813 2
5326335 1447551 2
62937 1417248 2
1071483 5355084 2
5218332 4408698 2
813519 2830611 2
1557885 3282825 2
2768451 1695414 2
1774668 4241643 2
453768 3725715 2
4845372 249417 2
2124318 4948713 2
2613828 2255631 2
4344207 494172 2
3698520 4731153 2
1534575 705516 2
4944828 4411806 2
470862 1331778 2
5185698 2128203 2
4643352 4236204 2
5135193 571872 2
3885 1533021 2
3864798 1294482 2
2177154 563325 2
3675210 184149 2
3593625 5317788 2
3911418 3767673 2
2996889 1819734 2
3675987 3031854 2
1998444 1770006 2
2155398 525252 2
1582749 4315458 2
2916858 2968917 2
162393 3667440 2
2728824 1719501 2
1605282 3064488 2
1181817 2861691 2
4930065 2343432 2
3499608 1483293 2
3124317 3923073 2
1145298 2682204 2
3572646 1751358 2
3243198 2905203 2
2366742 721056 2
2791761 4256406 2
3851589 1209789 2
2355087 5272722 2
4081581 4399374 2
2259516 35742 2
5066817 2946384 2
2540790 2527581 2
2958039 4500384 2
540792 282828 2
3446772 962703 2
49728 3825948 2
4820508 4428900 2
284382 763014 2
4668216 139860 2
5083911 41181 2
571095 5377617 2
1576533 5174043 2
10878 336441 2
358197 1317792 2
1655787 4191138 2
2146074 4396266 2
4038069 5302248 2
1979019 4254852 2
1093239 5170158 2
1982127 5038845 2
1510488 2018646 2
5086242 2947161 2
1463868 2297589 2
1498056 3932397 2
4783212 2919189 2
4623927 358197 2
1090131 2599065 2
4113438 1034964 2
4124316 4158504 2
4209009 3722607 2
3671325 3611496 2
1495725 1804194 2
1310799 1317792 2
2223774 3968916 2
2423463 1106448 2
1300698 3586632 2
1423464 2741256 2
4089351 4434339 2
3991449 5310018 2
4937835 4105668 2
888111 2414139 2
877233 966588 2
5110329 357420 2
629370 4852365 2
4427346 4850811 2
1299921 440559 2
3602172 4703958 2
4410252 3933951 2
185703 4094790 2
2843043 1541568 2
188811 4061379 2
2196579 141414 2
1832166 3848481 2
5400150 3080805 2
2010099 1615383 2
5059047 2802639 2
5334105 2592072 2
2121210 1780884 2
646464 591297 2
135975 3888885 2
1820511 3512817 2
1883448 1265733 2
787101 759906 2
3858582 4867128 2
3027969 306138 2
1787877 5087019 2
1652679 3439002 2
5392380 365967 2
3170160 4101006 2
2146851 4644906 2
1871016 3243975 2
1504272 264957 2
2341878 2745141 2
4139856 80031 2
612276 4643352 2
3229212 3168606 2
4427346 4728045 2
1000776 5198130 2
427350 3510486 2
3434340 2850813 2
390831 4585077 2
833721 3770004 2
905205 4364409 2
3199686 487179 2
2214450 306915 2
4881114 4088574 2
4907532 2593626 2
4536126 902097 2
2393160 2931621 2
1103340 1388499 2
4749024 2383836 2
2093238 3719499 2
399378 246309 2
237762 445998 2
2711730 5059047 2
1036518 295260 2
3648015 5133639 2
142191 437451 2
620046 488733 2
1271949 3617712 2
2966586 3634806 2
3502716 1901319 2
2003106 5066040 2
2407146 2407146 2
4156950 3973578 2
1884225 3155397 2
5066040 4844595 2
2253300 2579640 2
1429680 1620045 2
2282826 2496501 2
2812740 5068371 2
5185698 3776220 2
1483293 1797201 2
3700074 738927 2
1176378 1186479 2
2289042 3435894 2
334887 1543899 2
5330997 4094790 2
780108 1870239 2
4872567 1200465 2
5367516 2020200 2
2861691 196581 2
2153844 705516 2
822843 3666663 2
4678317 2128203 2
52836 5167050 2
1769229 5328666 2
2393160 2276610 2
3399375 625485 2
2998443 2252523 2
658896 4358970 2
515151 503496 2
1891218 1293705 2
2477076 449106 2
3850812 2655786 2
5113437 3303804 2
2824395 4862466 2
4240089 1009323 2
5187252 5247081 2
2817402 1466976 2
3651123 3976686 2
3886554 2359749 2
1043511 4313904 2
670551 5260290 2
1650348 2992227 2
4233873 5359746 2
296037 1873347 2
3558660 2268063 2
672882 2752134 2
4470858 2585079 2
3369849 2881116 2
1496502 2587410 2
3268839 4739700 2
4607610 578865 2
4731153 521367 2
4839933 2788653 2
4516701 1973580 2
3470082 4376841 2
2522142 2625483 2
2334885 4601394 2
3870237 160062 2
1108002 2369073 2
4461534 1320123 2
5176374 1302252 2
2381505 3829833 2
191919 452214 2
2797977 128982 2
3010875 2523696 2
1630146 94794 2
939393 2133642 2
5369847 620046 2
517482 5008542 2
4351200 5291370 2
473193 5290593 2
3080805 2986011 2
4011651 1774668 2
442113 473193 2
2026416 4709397 2
4355862 4254075 2
1586634 2502717 2
3625482 484848 2
1380729 403263 2
581196 4984455 2
2072259 5312349 2
2782437 1013208 2
4912194 829836 2
3955707 2720277 2
2261847 1506603 2
2013984 4832163 2
3110331 4697742 2
16317 4805745 2
2069151 2420355 2
2569539 2161614 2
2901318 4860135 2
5202792 757575 2
2353533 1333332 2
2797200 3036516 2
4566429 3435117 2
1028748 2961924 2
1722609 997668 2
5222994 2030301 2
4832163 66045 2
486402 3407145 2
3188808 3426570 2
3588186 418803 2
4382280 2277387 2
1930068 4179483 2
3498831 26418 2
4205124 4220664 2
3467751 3542343 2
4491060 2075367 2
3187254 140637 2
73038 3533019 2
1941723 5192691 2
3436671 3457650 2
4745916 107226 2
1078476 3881892 2
3707067 605283 2
3541566 4108776 2
4322451 1599066 2
626262 798756 2
3834495 3235428 2
1531467 4766895 2
4159281 3121986 2
3804969 971250 2
1849260 4282047 2
2855475 2538459 2
2262624 2717169 2
2855475 2945607 2
3123540 1404039 2
2085468 1673658 2
2795646 1013985 2
3293703 2632476 2
2930844 578088 2
3089352 218337 2
3708621 4618488 2
2780883 1886556 2
2117325 1982127 2
2833719 1473969 2
5094789 2644908 2
4329444 3818178 2
5429676 2532243 2
4074588 1324008 2
218337 3420354 2
4012428 290598 2
2514372 4200462 2
2560215 377622 2
3585078 818181 2
2124318 549339 2
2282826 919191 2
3121209 2853921 2
1859361 766899 2
5172489 3082359 2
984459 3893547 2
4833717 2208234 2
1654233 4575753 2
2365965 3172491 2
3662778 1989120 2
4193469 2451435 2
158508 3492615 2
3635583 3508155 2
1062936 4041954 2
5431230 4459980 2
3696189 783216 2
3207456 664335 2
5365185 5365962 2
5333328 780108 2
1752135 1526028 2
4706289 1829835 2
3296811 3550113 2
1515927 684537 2
5248635 2742033 2
4443663 1088577 2
703962 3713283 2
2400153 3906756 2
2212896 182595 2
3602949 2267286 2
821289 2350425 2
815850 4620042 2
4893546 897435 2
369075 1336440 2
3288264 4146072 2
3688419 3923073 2
3387720 3507378 2
73038 4497276 2
2139858 1058274 2
3606057 3623151 2
5277384 573426 2
5278938 386946 2
4533018 694638 2
1030302 3082359 2
3536904 3059826 2
2135973 598290 2
4945605 634809 2
1011654 4559436 2
3249414 5313903 2
2815071 1686867 2
1866354 1166277 2
732711 5298363 2
3794091 4766118 2
2624706 4620042 2
2582748 2046618 2
499611 3549336 2
1764567 226107 2
4094790 4651899 2
5198130 5041953 2
121212 2212896 2
3749025 1385391 2
4682202 577311 2
1381506 487179 2
2425794 4665108 2
19425 593628 2
2500386 1605282 2
5296809 3140634 2
2156952 2764566 2
2463867 4802637 2
3743586 4655784 2
5361300 1352757 2
3771558 552447 2
5355861 2581971 2
4614603 1916082 2
2010876 4473966 2
2857806 2938614 2
4933950 2179485 2
2154621 2326338 2
933954 3585855 2
1888110 2008545 2
1642578 4657338 2
1324008 1742811 2
5285154 3270393 2
479409 4463088 2
1352757 4560990 2
2033409 5109552 2
1436673 4775442 2
3667440 2285934 2
4687641 1807302 2
4191915 2732709 2
3546228 393162 2
4689972 867132 2
763014 3029523 2
3569538 4010874 2
4636359 815073 2
2094015 1227660 2
3425793 1516704 2
248640 3518256 2
2799531 2998443 2
2239314 1623930 2
4882668 993006 2
3324006 4529910 2
4631697 1881894 2
1735041 2210565 2
4456095 1672881 2
4680648 2102562 2
447552 2443665 2
4211340 1888110 2
3687642 2968917 2
3410253 1844598 2
3747471 4901316 2
724941 3644130 2
421134 1103340 2
4742031 3674433 2
2633253 1135197 2
806526 1199688 2
3622374 3369849 2
4351200 4950267 2
2678319 4081581 2
5384610 1351203 2
3665109 4674432 2
1564101 1231545 2
3498831 1318569 2
3160836 418026 2
1428903 2475522 2
3383058 962703 2
1508157 1459206 2
1324785 1825950 2
3741255 1195803 2
3019422 5157726 2
2526027 4733484 2
3570315 4107999 2
1482516 655011 2
3633252 1011654 2
731157 1111887 2
697746 2856252 2
1063713 1154622 2
265734 2089353 2
113442 1395492 2
983682 1157730 2
491841 3470082 2
1541568 4546227 2
2267286 3385389 2
2424240 1344210 2
2489508 3738924 2
4118877 804195 2
4040400 1894326 2
4747470 5233872 2
4839156 5011650 2
1477077 1715616 2
5048169 4550112 2
1374513 1121988 2
583527 1938615 2
5277384 1971249 2
3285933 4415691 2
268065 2772336 2
4404036 3881115 2
3161613 2943276 2
596736 1903650 2
2979795 4455318 2
1830612 3961923 2
5263398 527583 2
1686867 5280492 2
1702407 4306134 2
777000 2850813 2
5408697 3232320 2
1239315 4305357 2
5222994 3546228 2
463092 258741 2
3836826 4376841 2
2639469 4045839 2
1308468 3333330 2
2841489 3081582 2
4425792 864024 2
3054387 4641798 2
2371404 4664331 2
1235430 1257186 2
2742033 4132086 2
4678317 3162390 2
378399 456876 2
599844 3786321 2
2987565 5215224 2
3209787 1246308 2
5038068 3334884 2
4126647 4388496 2
4003881 2693082 2
2498832 2198133 2
2103339 317793 2
4263399 1888110 2
3302250 1065267 2
982905 2993781 2
404817 3035739 2
5358969 4623150 2
2788653 1307691 2
4294479 2934729 2
4428123 3103338 2
1762236 2559438 2
5310018 5365185 2
4217556 1768452 2
4916079 1257963 2
3861690 5011650 2
2024862 1949493 2
137529 3588963 2
3797199 1484847 2
3275055 2563323 2
4982901 4348092 2
3149181 4756794 2
2749026 2763012 2
2284380 25641 2
5260290 4263399 2
1078476 3915303 2
4329444 4751355 2
4179483 794094 2
3502716 4864020 2
4061379 1473192 2
3940944 209013 2
2581971 2414916 2
4089351 2501163 2
2089353 4860912 2
5240088 3120432 2
2384613 3374511 2
125874 4120431 2
3107223 1494948 2
4620042 3723384 2
1595181 4790982 2
3642576 4219887 2
4838379 2789430 2
4583523 2749026 2
4794090 1560216 2
1355088 2942499 2
3648015 1485624 2
1620822 5207454 2
2945607 1047396 2
4574976 28749 2
2397045 20979 2
2986788 916860 2
1127427 4034184 2
2930844 2712507 2
954933 1174824 2
1660449 2477853 2
1742034 2334108 2
1363635 4038846 2
2010099 4486398 2
1956486 4727268 2
3013983 3933174 2
4441332 2313129 2
4985232 3016314 2
3326337 1640247 2
1915305 4085466 2
2363634 1856253 2
4365963 2198910 2
2174823 849261 2
1502718 261072 2
2187255 501942 2
3331776 970473 2
812742 3154620 2
921522 1993782 2
915306 1908312 2
4610718 421134 2
1800309 1407924 2
710955 2993004 2
3801084 3735039 2
311577 1920744 2
3977463 4213671 2
1640247 2551668 2
839937 5194245 2
4249413 133644 2
209013 2857806 2
2533797 96348 2
4787097 1348872 2
1668996 3578862 2
4008543 1125096 2
2514372 953379 2
3857805 2220666 2
1285935 1132089 2
1731156 4672101 2
2220666 705516 2
3140634 574203 2
4722606 5019420 2
4357416 2565654 2
4012428 2512041 2
2453766 2580417 2
2122764 1686090 2
3076920 849261 2
272727 2146851 2
3087798 1720278 2
4817400 905205 2
2723385 4766895 2
4205901 561771 2
5372955 4693857 2
822843 3642576 2
2511264 4048170 2
3465420 478632 2
2508933 557109 2
1787100 2898987 2
233877 4773111 2
5230764 3317013 2
3283602 3632475 2
1887333 1203573 2
3595179 4453764 2
4111107 1026417 2
2111886 1568763 2
975135 1255632 2
5177928 2822064 2
3427347 892773 2
5152287 4371402 2
4954929 2344209 2
2607612 4790982 2
2833719 1728048 2
3739701 4018644 2
3373734 2549337 2
4117323 4722606 2
1239315 3042732 2
3909087 2416470 2
389277 1278165 2
3162390 949494 2
4150734 3671325 2
3225327 4329444 2
1205127 2143743 2
3696966 2477853 2
2794092 744366 2
1947162 2499609 2
2923851 5310018 2
3631698 679098 2
1176378 5313903 2
5013981 3898986 2
698523 166278 2
1749027 3863244 2
4044285 3930843 2
3977463 4642575 2
3738924 1865577 2
882672 4213671 2
3835272 2145297 2
4142187 605283 2
1353534 1168608 2
1911420 2166276 2
4666662 3080805 2
4456095 1093239 2
4110330 1660449 2
4898985 1213674 2
1809633 2662779 2
857031 2061381 2
2399376 2909088 2
1050504 329448 2
3641022 1508157 2
2198910 466977 2
114996 288267 2
4443663 335664 2
3634029 835275 2
4358193 801087 2
3813516 1452213 2
3876453 2444442 2
272727 4150734 2
4122762 2926959 2
5405589 5077695 2
3433563 4423461 2
5076918 2961924 2
3897432 3853920 2
1903650 1705515 2
4928511 5259513 2
648018 905205 2
1789431 2567985 2
3277386 2113440 2
2922297 2003883 2
1041957 133644 2
5156172 2489508 2
1204350 763014 2
3192693 555555 2
2339547 4368294 2
2337216 667443 2
2082360 4853142 2
4839933 2304582 2
2904426 528360 2
1351203 1792539 2
4620042 3883446 2
399378 4721052 2
865578 538461 2
5029521 2632476 2
3612273 4832163 2
4854696 4995333 2
1457652 1877232 2
4164720 1286712 2
3566430 2393937 2
4764564 1304583 2
1585857 2871792 2
4990671 4059048 2
4118877 3960369 2
1550892 2572647 2
565656 2000775 2
3975909 2753688 2
745920 541569 2
2097123 3221442 2
4404036 2987565 2
2386944 3989895 2
773115 3302250 2
167832 4491060 2
1866354 3909087 2
794871 1734264 2
289821 4282824 2
3045063 745143 2
4790205 2965032 2
724164 1856253 2
3560991 2738925 2
23310 1472415 2
355089 4584300 2
2559438 784770 2
3338769 4617711 2
3326337 1956486 2
237762 4121208 2
5150733 5296032 2
3672879 625485 2
3689196 517482 2
1717947 77700 2
1683759 979020 2
3623928 4452987 2
3786321 2494170 2
2160837 1236984 2
4439001 5336436 2
1715616 4331775 2
4416468 92463 2
1595958 1490286 2
550116 4290594 2
4804191 1940169 2
3255630 4244751 2
4281270 3968916 2
1919190 532245 2
3295257 2707068 2
753690 3383835 2
2925405 1993782 2
4372956 5091681 2
5168604 1013985 2
2291373 1413363 2
5405589 3879561 2
2905203 4782435 2
3717168 3810408 2
281274 4363632 2
636363 3691527 2
3181815 3409476 2
4094013 177156 2
1477854 4651899 2
5001549 1288266 2
2111886 761460 2
5326335 1940946 2
1599843 1047396 2
4429677 955710 2
2752134 1870239 2
3066819 3036516 2
5163942 5369847 2
4222995 4933950 2
3715614 2123541 2
2205903 4487952 2
3505047 3307689 2
1725717 1849260 2
1155399 2637915 2
1262625 1644909 2
3449103 5307687 2
1486401 4439001 2
3334107 1494948 2
2957262 4401705 2
3291372 2627814 2
2195025 585858 2
3372180 4354308 2
2004660 3359748 2
3115770 2597511 2
4371402 2603727 2
2648793 49728 2
4522917 1604505 2
487956 1667442 2
703962 4388496 2
3275055 4519809 2
2908311 3304581 2
4174044 5025636 2
3445995 4188030 2
2259516 4448325 2
4083912 2653455 2
599844 332556 2
90909 512043 2
3689973 1872570 2
2335662 347319 2
3601395 5211339 2
479409 4695411 2
5428122 2020200 2
80808 4083135 2
2529912 3588963 2
1310799 4858581 2
3811962 4205124 2
418803 2201241 2
4520586 4746693 2
4021752 907536 2
62160 1222221 2
4108776 2942499 2
2317014 2090907 2
4450656 1804971 2
2948715 3553998 2
77700 3326337 2
3621597 255633 2
3233874 1425018 2
523698 1377621 2
3868683 1894326 2
2317014 1748250 2
4313127 3695412 2
4259514 328671 2
2602173 906759 2
341880 2094792 2
1536129 4571091 2
2422686 500388 2
2257962 3439002 2
4062933 4358970 2
2315460 1544676 2
2175600 257964 2
3232320 5390049 2
602175 4094790 2
1313907 3489507 2
2667441 3109554 2
2069928 4131309 2
1122765 4542342 2
2065266 2777775 2
2458428 448329 2
3054387 2073813 2
4233096 2258739 2
4936281 2122764 2
3208233 854700 2
1581972 5121984 2
4601394 2999220 2
4947936 3691527 2
4181814 2643354 2
4587408 5156949 2
3271947 2582748 2
4898208 3993780 2
3897432 2090130 2
1006215 935508 2
3362856 3455319 2
263403 5431230 2
3472413 4726491 2
1916859 3005436 2
2020977 1675212 2
1156953 987567 2
790209 1619268 2
3516702 892773 2
403263 4156173 2
4320120 2773890 2
2686866 3097899 2
3476298 1330224 2
4468527 17094 2
2153844 206682 2
759906 4834494 2
5385387 1568763 2
278943 254856 2
1627038 106449 2
3272724 495726 2
432012 1087800 2
1711731 4341099 2
4075365 1875678 2
3483291 2895102 2
2445219 2776221 2
1960371 2501940 2
304584 205128 2
4070703 2933952 2
336441 3577308 2
2891217 2817402 2
2751357 4439778 2
5179482 2307690 2
1984458 1781661 2
2577309 1554777 2
466200 3896655 2
5052054 327894 2
951825 4668216 2
857808 64491 2
115773 4224549 2
2349648 108003 2
2013207 3846150 2
1153845 2990673 2
681429 4280493 2
182595 1506603 2
2149959 5331774 2
3105669 3213672 2
5225325 535353 2
954156 2557107 2
3160059 128982 2
2350425 2493393 2
4431231 2703183 2
2912973 3961146 2
1491063 425796 2
2877231 2532243 2
2644131 756021 2
3835272 327117 2
4251744 5419575 2
3885777 4544673 2
4814292 2984457 2
972804 1658118 2
685314 112665 2
4661223 997668 2
2418024 3693858 2
3578862 3514371 2
3335661 3408699 2
275058 3053610 2
1880340 191919 2
3618489 3741255 2
1170162 2319345 2
734265 360528 2
3016314 4674432 2
2571093 507381 2
4137525 738150 2
2887332 49728 2
3653454 2063712 2
1860138 4274277 2
5132862 3280494 2
2095569 3524472 2
3233874 645687 2
419580 3878007 2
762237 4905201 2
172494 2624706 2
5393934 1470084 2
4838379 937839 2
212898 2634807 2
4135194 608391 2
3209787 713286 2
3132864 3809631 2
472416 2167053 2
4911417 3555552 2
1494171 3269616 2
46620 2847705 2
4033407 3085467 2
1247862 3958815 2
5439 4043508 2
5101782 3111108 2
2951046 710955 2
3567984 777 2
2820510 2214450 2
588189 303030 2
5390049 4621596 2
1454544 1579641 2
4946382 4965807 2
3721053 3279717 2
1321677 3119655 2
3538458 1319346 2
5094789 4361301 2
5398596 5233872 2
3347316 4179483 2
2942499 3025638 2
1125873 3507378 2
3122763 1441335 2
4922295 595959 2
4255629 4257183 2
791763 4983678 2
2986788 4635582 2
2818179 738150 2
3247860 3705513 2
4256406 5055939 2
1603728 3607611 2
2256408 5252520 2
931623 761460 2
1919967 4541565 2
2370627 1016316 2
4703181 422688 2
2991450 3578862 2
3857805 3700074 2
799533 5300694 2
81585 822066 2
4610718 2120433 2
2963478 2905203 2
4180260 3901317 2
1476300 5282046 2
4181037 4099452 2
2351979 3648792 2
3989895 4808853 2
2674434 2147628 2
2399376 3267285 2
3659670 4456095 2
4397820 5018643 2
5393934 2075367 2
3069927 5154618 2
5205900 2571093 2
3515148 128982 2
1974357 452991 2
4715613 1477854 2
4578861 1427349 2
3537681 2429679 2
568764 1554 2
4779327 2003106 2
191919 2135973 2
836829 2222997 2
356643 1072260 2
78477 4188807 2
2707845 759129 2
4943274 2914527 2
3816624 3167052 2
5277384 3975132 2
1923075 2233098 2
4837602 4765341 2
777000 1357419 2
2357418 4182591 2
3344985 2003883 2
2213673 2592072 2
406371 4804191 2
558663 4217556 2
3918411 633255 2
2924628 2836050 2
2348871 1216782 2
125097 3721830 2
4804191 2425794 2
4694634 179487 2
4912971 3250191 2
1261071 3828279 2
1382283 3525249 2
2842266 741258 2
1366743 2770782 2
3905979 613830 2
4872567 2097123 2
3147627 4808853 2
2404038 1608390 2
3773112 3355863 2
3101007 3421131 2
3780105 3516702 2
3202794 4578084 2
965034 1466199 2
1833720 3560991 2
684537 335664 2
3852366 1964256 2
4849257 5184921 2
5264952 571872 2
107226 2986788 2
1568763 1292151 2
2560215 2313129 2
920745 611499 2
186480 2105670 2
3642576 5052054 2
5348868 5031075 2
3371403 2627037 2
1434342 1902873 2
1295259 5080026 2
4167051 1868685 2
4464642 5149956 2
2608389 4947936 2
2346540 4470858 2
3098676 5203569 2
4118100 2540013 2
3714060 2331 2
3031077 1766121 2
100233 3910641 2
2029524 3334884 2
5276607 1868685 2
2306136 2664333 2
2073036 664335 2
4668993 5421906 2
3862467 1832166 2
4265730 4887330 2
3566430 3339546 2
4072257 4188030 2
190365 2750580 2
3212895 5139078 2
5249412 3165498 2
4551666 1005438 2
3494169 2808078 2
777 1554 2
