1000
77 154 1
77 15400 2
77 231 1
77 15323 2
77 308 1
77 15246 2
77 385 1
77 15169 2
77 462 1
77 15092 2
77 539 1
77 15015 2
77 616 1
77 14938 2
77 693 1
77 14861 2
77 770 1
77 14784 2
77 847 1
77 14707 2
77 924 1
77 14630 2
77 1001 1
77 14553 2
77 1078 1
77 14476 2
77 1155 1
77 14399 2
77 1232 1
77 14322 2
77 1309 1
77 14245 2
77 1386 1
77 14168 2
77 1463 1
77 14091 2
77 1540 1
77 14014 2
77 1617 1
77 13937 2
77 1694 1
77 13860 2
77 1771 1
77 13783 2
77 1848 1
77 13706 2
77 1925 1
77 13629 2
77 2002 1
77 13552 2
77 2079 1
77 13475 2
77 2156 1
77 13398 2
77 2233 1
77 13321 2
77 2310 1
77 13244 2
77 2387 1
77 13167 2
77 2464 1
77 13090 2
77 2541 1
77 13013 2
77 2618 1
77 12936 2
77 2695 1
77 12859 2
77 2772 1
77 12782 2
77 2849 1
77 12705 2
77 2926 1
77 12628 2
77 3003 1
77 12551 2
77 3080 1
77 12474 2
77 3157 1
77 12397 2
77 3234 1
77 12320 2
77 3311 1
77 12243 2
77 3388 1
77 12166 2
77 3465 1
77 12089 2
77 3542 1
77 12012 2
77 3619 1
77 11935 2
77 3696 1
77 11858 2
77 3773 1
77 11781 2
77 3850 1
77 11704 2
77 3927 1
77 11627 2
77 4004 1
77 11550 2
77 4081 1
77 11473 2
77 4158 1
77 11396 2
77 4235 1
77 11319 2
77 4312 1
77 11242 2
77 4389 1
77 11165 2
77 4466 1
77 11088 2
77 4543 1
77 11011 2
77 4620 1
77 10934 2
77 4697 1
77 10857 2
77 4774 1
77 10780 2
77 4851 1
77 10703 2
77 4928 1
77 10626 2
77 5005 1
77 10549 2
77 5082 1
77 10472 2
77 5159 1
77 10395 2
77 5236 1
77 10318 2
77 5313 1
77 10241 2
77 5390 1
77 10164 2
77 5467 1
77 10087 2
77 5544 1
77 10010 2
77 5621 1
77 9933 2
77 5698 1
77 9856 2
77 5775 1
77 9779 2
77 5852 1
77 9702 2
77 5929 1
77 9625 2
77 6006 1
77 9548 2
77 6083 1
77 9471 2
77 6160 1
77 9394 2
77 6237 1
77 9317 2
77 6314 1
77 9240 2
77 6391 1
77 9163 2
77 6468 1
77 9086 2
77 6545 1
77 9009 2
77 6622 1
77 8932 2
77 6699 1
77 8855 2
77 6776 1
77 8778 2
77 6853 1
77 8701 2
77 6930 1
77 8624 2
77 7007 1
77 8547 2
77 7084 1
77 8470 2
77 7161 1
77 8393 2
77 7238 1
77 8316 2
77 7315 1
77 8239 2
77 7392 1
77 8162 2
77 7469 1
77 8085 2
77 7546 1
77 8008 2
77 7623 1
77 7931 2
77 7700 1
77 7854 2
77 7777 1
77 7777 2
77 7854 1
77 7700 2
77 7931 1
77 7623 2
77 8008 1
77 7546 2
77 8085 1
77 7469 2
77 8162 1
77 7392 2
77 8239 1
77 7315 2
77 8316 1
77 7238 2
77 8393 1
77 7161 2
77 8470 1
77 7084 2
77 8547 1
77 7007 2
77 8624 1
77 6930 2
77 8701 1
77 6853 2
77 8778 1
77 6776 2
77 8855 1
77 6699 2
77 8932 1
77 6622 2
77 9009 1
77 6545 2
77 9086 1
77 6468 2
77 9163 1
77 6391 2
77 9240 1
77 6314 2
77 9317 1
77 6237 2
77 9394 1
77 6160 2
77 9471 1
77 6083 2
77 9548 1
77 6006 2
77 9625 1
77 5929 2
77 9702 1
77 5852 2
77 9779 1
77 5775 2
77 9856 1
77 5698 2
77 9933 1
77 5621 2
77 10010 1
77 5544 2
77 10087 1
77 5467 2
77 10164 1
77 5390 2
77 10241 1
77 5313 2
77 10318 1
77 5236 2
77 10395 1
77 5159 2
77 10472 1
77 5082 2
77 10549 1
77 5005 2
77 10626 1
77 4928 2
77 10703 1
77 4851 2
77 10780 1
77 4774 2
77 10857 1
77 4697 2
77 10934 1
77 4620 2
77 11011 1
77 4543 2
77 11088 1
77 4466 2
77 11165 1
77 4389 2
77 11242 1
77 4312 2
77 11319 1
77 4235 2
77 11396 1
77 4158 2
77 11473 1
77 4081 2
77 11550 1
77 4004 2
77 11627 1
77 3927 2
77 11704 1
77 3850 2
77 11781 1
77 3773 2
77 11858 1
77 3696 2
77 11935 1
77 3619 2
77 12012 1
77 3542 2
77 12089 1
77 3465 2
77 12166 1
77 3388 2
77 12243 1
77 3311 2
77 12320 1
77 3234 2
77 12397 1
77 3157 2
77 12474 1
77 3080 2
77 12551 1
77 3003 2
77 12628 1
77 2926 2
77 12705 1
77 2849 2
77 12782 1
77 2772 2
77 12859 1
77 2695 2
77 12936 1
77 2618 2
77 13013 1
77 2541 2
77 13090 1
77 2464 2
77 13167 1
77 2387 2
77 13244 1
77 2310 2
77 13321 1
77 2233 2
77 13398 1
77 2156 2
77 13475 1
77 2079 2
77 13552 1
77 2002 2
77 13629 1
77 1925 2
77 13706 1
77 1848 2
77 13783 1
77 1771 2
77 13860 1
77 1694 2
77 13937 1
77 1617 2
77 14014 1
77 1540 2
77 14091 1
77 1463 2
77 14168 1
77 1386 2
77 14245 1
77 1309 2
77 14322 1
77 1232 2
77 14399 1
77 1155 2
77 14476 1
77 1078 2
77 14553 1
77 1001 2
77 14630 1
77 924 2
77 14707 1
77 847 2
77 14784 1
77 770 2
77 14861 1
77 693 2
77 14938 1
77 616 2
77 15015 1
77 539 2
77 15092 1
77 462 2
77 15169 1
77 385 2
77 15246 1
77 308 2
77 15323 1
77 231 2
77 15400 1
77 154 2
15169 9163 2
7777 9009 1
12397 2079 2
13398 1617 2
3234 9702 2
7469 9009 1
14476 12243 1
7315 2772 2
12012 9471 2
5621 11165 2
10318 12474 1
13167 7315 1
8778 7315 2
4697 8547 2
14707 6622 2
1001 8855 2
8008 1771 2
13013 1155 1
6314 2002 1
539 308 1
8624 13244 1
10318 1925 2
6391 7315 2
1001 1155 2
6776 6699 2
12243 11319 2
9779 15246 2
4543 13167 2
8547 13475 2
13244 5775 2
9933 10549 2
12936 5544 1
1232 77 2
10395 924 1
10164 14168 2
14399 15323 1
15092 5621 1
2541 12089 1
7931 9548 2
4697 10087 1
11935 11473 2
5005 11011 2
5313 2310 2
7931 7623 2
847 11088 2
13321 1309 2
12089 5313 1
2310 13552 1
2695 12012 2
9625 12551 1
6622 6699 2
14861 2772 2
9471 231 1
77 2695 2
77 14476 2
6006 6391 2
13475 6776 2
14091 1925 2
7469 11088 1
1078 13860 2
77 6083 2
231 1463 1
15169 12320 2
3696 6083 2
770 9240 2
4081 4928 2
6006 9394 2
3388 6006 2
308 12936 1
1155 1078 2
12320 11935 2
4081 8932 2
3234 5005 2
7854 4697 2
6314 9933 2
7931 9933 1
14245 3234 1
5852 9625 2
6083 1617 1
13706 12320 1
15169 12705 2
2541 9086 1
12551 6468 2
1771 13937 1
7931 9086 1
2156 11165 1
11319 2541 2
2772 14399 2
14707 10780 1
1232 11781 1
385 7084 1
15169 2618 2
3773 15092 2
6930 539 1
7777 616 2
14861 7084 1
9317 8701 2
14938 15015 2
6314 14784 1
13860 4466 1
7007 4389 1
14399 2772 1
6160 13783 2
4004 9240 1
4312 13860 1
10857 7931 2
8393 5082 2
11704 9394 2
9163 9009 2
3311 2002 1
14784 2618 2
15246 15169 1
3388 4235 2
6930 7161 2
1771 7777 1
4004 3080 2
8778 12089 1
3157 8932 1
14707 8778 2
924 13860 1
10549 13321 1
9394 5698 1
5005 2233 2
12474 9317 2
2002 7931 2
3157 7238 2
5775 13937 2
10780 1309 2
1540 4312 2
8778 308 2
14091 8701 1
13090 3080 1
4389 5621 2
12166 7546 1
14322 10472 2
2156 1771 1
4620 10857 1
4004 3927 2
10549 8470 1
5775 1463 2
13013 6853 2
8701 10703 1
2310 8855 2
9394 5236 2
12474 5621 2
8316 13398 2
10087 14553 1
13475 8932 1
15246 3850 1
10318 2849 1
693 10087 1
9471 5390 1
3157 4158 1
6083 8316 2
10934 616 1
7854 2464 1
13706 12474 2
2002 12628 1
4389 7238 1
8855 770 2
8008 5005 2
14014 12936 1
13244 12705 2
10010 2387 2
6314 3157 1
385 77 2
231 14168 2
11088 4543 2
11396 10703 2
1694 5005 1
847 15323 1
10395 12551 1
13398 5236 1
7007 8624 1
2695 14322 2
5467 539 1
4851 8162 1
9009 9933 1
8239 12474 2
2233 1232 2
13398 1232 1
4928 9625 2
5929 15092 1
5852 1232 1
12397 15015 1
14014 11858 1
11935 11550 1
3927 12628 2
2541 10010 1
14091 9856 2
6853 5929 2
2695 6545 1
7777 7546 2
14245 3388 1
15015 15246 2
8932 10549 1
9702 5929 2
5313 6083 2
4851 7161 1
11704 1078 2
3080 8008 2
11935 6314 1
1925 10395 2
2695 7777 2
3773 12012 1
11319 1617 1
11396 6699 1
4466 7777 1
14476 6391 1
12243 231 2
9240 154 1
14707 3927 1
3003 12936 2
4389 9625 1
6083 3003 1
12936 10241 1
14014 11165 1
3234 6853 2
5775 3080 2
6468 8855 2
15015 11781 1
1232 9779 1
8778 13706 2
8316 7931 1
5005 11858 1
9625 5005 1
11473 2002 1
9779 13244 1
9548 14476 2
12012 14553 1
7392 3927 2
14938 2233 2
6622 8162 2
5159 1386 2
9779 14168 1
9394 14091 2
14399 3234 2
1309 13090 1
1232 13167 2
14245 7084 1
8085 13090 2
7315 9163 2
7392 4312 2
13783 2541 2
12859 8162 1
77 8547 1
7392 539 2
6776 6699 2
1232 15015 1
14245 12936 1
9933 9779 2
8855 6468 1
11242 12936 1
14784 9856 1
13860 12089 2
2541 14091 1
13706 5390 1
1463 11088 2
6545 2079 1
7700 3696 2
14630 5390 2
10780 9163 1
2926 4851 2
385 15092 2
4851 12012 1
7238 12859 1
9240 6314 2
13860 12397 1
4543 847 2
154 6930 1
14399 8316 1
3696 13321 2
8547 13783 2
15323 5929 2
8624 2695 2
3850 6006 1
8701 9394 2
4004 6468 1
1309 4697 1
8855 7546 2
385 13706 2
4004 1925 2
14938 9933 2
7700 6006 1
3542 7777 1
11242 9702 2
2926 7084 2
15246 7392 1
11704 9702 1
7700 5467 1
539 11396 1
8701 14245 2
1386 8470 2
12089 14322 1
2233 11242 2
8393 12397 1
13552 539 1
6468 154 1
4543 2079 2
2772 14707 1
1155 10241 2
13013 10934 2
8778 6468 2
9933 14784 1
2387 12089 1
12551 12166 1
15246 1386 1
308 385 1
693 15400 1
2310 13398 1
10241 13629 2
9086 10626 2
9163 4928 2
15400 5313 2
77 2002 2
2849 8008 2
10241 5544 1
5929 11319 1
10857 13629 2
6391 4928 1
1925 3234 1
1309 8701 2
5544 7546 1
14322 7931 2
5929 14476 2
1001 2387 2
847 10549 1
1540 9625 2
4543 11704 1
231 13244 2
3850 6391 1
12012 2541 1
6391 5621 2
11550 8778 2
11627 15323 2
385 3696 2
1386 15015 2
7161 9009 2
10626 3773 1
13860 10549 1
12551 1001 2
1848 2926 2
10395 11396 2
12089 10241 1
12012 12936 1
7931 7084 1
10472 5236 1
12474 13167 2
9702 14476 2
11704 3311 2
3542 9240 2
4620 12705 2
12705 13783 2
2618 1386 1
14630 11935 2
6083 1925 1
1309 5467 2
13475 2233 1
9856 6391 2
3388 3080 2
13321 1771 1
10087 8239 1
4312 13937 1
3773 3773 1
12936 6468 1
11165 1694 1
12089 5390 2
10857 7238 2
11781 1848 2
8547 14784 1
5313 10472 2
4466 7700 1
4928 9625 1
14091 4774 2
9394 13937 1
6468 12474 2
10780 11011 2
11473 4620 1
2695 12705 1
11781 7315 1
1386 11473 1
7777 7161 1
924 11242 2
14399 9856 1
5082 10626 1
2387 693 2
1925 12320 1
7007 6083 2
4928 1463 1
13860 5929 1
9856 4081 2
6006 770 1
693 14938 2
4928 1001 2
6930 9009 1
4774 308 1
4158 847 1
8932 8547 2
7238 2310 1
7161 10626 1
3542 1232 2
11858 7315 1
6237 4235 1
4543 1694 2
13629 14630 1
9779 12320 1
14784 7777 2
10780 4389 1
9625 14091 2
3234 9086 2
14630 7546 2
9856 7084 2
6391 3465 1
1617 539 2
308 15015 2
1463 10549 2
11781 12320 2
7931 14630 1
14938 9317 1
5005 7315 1
1771 14014 2
2156 385 2
12551 9702 2
539 7392 1
6468 13860 2
8855 5698 2
1540 11704 2
14091 5082 1
308 6853 1
14938 4004 1
2002 9702 1
8239 3003 2
2541 14091 1
13629 1386 1
1309 11165 2
11088 10318 2
11319 11935 1
10703 13475 1
3850 11242 2
12012 308 1
15015 1771 2
77 14707 2
11088 8547 1
3619 14014 2
5467 12012 1
13398 9317 1
6699 9471 1
15015 2002 2
13552 9856 1
12551 10857 2
5005 847 2
13937 539 1
6006 77 1
14245 12936 2
14399 77 2
8470 8316 1
11088 2772 2
8547 4158 1
12782 1078 1
3311 539 2
12089 11088 1
5698 11396 2
9240 9317 1
9471 8316 2
13937 13706 1
11396 2387 2
5698 8701 1
1232 13321 2
15092 4235 2
12936 5929 1
15323 13244 2
11935 10857 2
4466 10626 2
12551 13937 1
7238 8778 2
8393 14399 2
924 11781 1
14553 15323 1
2233 7700 1
3850 6622 1
1232 12782 1
10395 9394 2
12551 13013 2
12474 3850 1
14630 539 2
14091 3927 1
12243 14630 1
4081 924 2
12628 12089 2
15015 7084 1
7854 7315 2
8547 231 2
10164 14784 1
1155 9779 1
3696 7392 2
12859 8701 1
6391 7161 2
4004 6314 1
15400 2387 1
8932 13475 1
9548 1232 2
2156 12551 2
11627 3773 2
11704 12320 2
4081 11088 1
13706 12859 1
7007 6314 2
11858 10472 2
1078 7546 2
4466 2772 1
8085 1155 1
462 4543 1
6160 2772 1
12628 5313 2
12474 7700 2
5467 12705 2
7546 1617 1
1463 5082 2
2849 1540 2
7469 9625 1
11165 6237 2
2079 8393 1
4235 4081 1
7469 2310 2
1925 3157 2
3465 11165 2
14168 3388 1
12166 5544 2
4697 4851 2
6776 15169 1
7546 10472 1
2156 6314 2
8470 4312 1
15400 4697 2
1309 4851 1
11473 8085 1
11319 15246 1
1001 616 2
2926 4312 1
4851 4312 1
4697 3388 1
10857 3927 2
6776 5236 1
13783 10780 1
8008 11088 2
462 15169 2
7007 5698 2
8547 14938 2
9163 12166 2
12089 11935 2
14399 2926 1
6930 9240 1
9086 6391 2
13783 154 1
7931 1078 1
11781 5390 1
770 6776 1
12012 14476 1
308 5852 1
8162 4312 2
12705 4851 1
5698 6160 1
1771 2387 1
5852 10626 2
8393 6391 1
2310 9625 2
8547 9009 1
10857 13398 1
10241 15169 2
11550 10780 2
7007 11088 1
12166 13860 2
1309 2541 2
12551 7238 2
4543 13783 2
13244 13706 1
11627 10241 1
2772 15323 1
10318 9702 2
2079 6314 1
11550 1386 1
9625 14168 1
13475 15400 2
5544 1540 2
10934 14014 2
11088 3542 2
13937 12782 2
5467 8239 1
10934 9317 1
8162 5313 1
6853 1463 2
8547 14707 1
13321 8316 1
3003 8778 1
14245 6545 2
9548 6930 1
4466 7315 1
9856 2926 2
11858 9702 1
8778 9086 2
2618 13783 1
14399 13629 1
