5000
777 1554 1
2331 3108 1
3885 4662 1
5439 6216 1
6993 7770 1
8547 9324 1
10101 10878 1
11655 12432 1
13209 13986 1
14763 15540 1
16317 17094 1
17871 18648 1
19425 20202 1
20979 21756 1
22533 23310 1
24087 24864 1
25641 26418 1
27195 27972 1
28749 29526 1
30303 31080 1
31857 32634 1
33411 34188 1
34965 35742 1
36519 37296 1
38073 38850 1
39627 40404 1
41181 41958 1
42735 43512 1
44289 45066 1
45843 46620 1
47397 48174 1
48951 49728 1
50505 51282 1
52059 52836 1
53613 54390 1
55167 55944 1
56721 57498 1
58275 59052 1
59829 60606 1
61383 62160 1
62937 63714 1
64491 65268 1
66045 66822 1
67599 68376 1
69153 69930 1
70707 71484 1
72261 73038 1
73815 74592 1
75369 76146 1
76923 77700 1
78477 79254 1
80031 80808 1
81585 82362 1
83139 83916 1
84693 85470 1
86247 87024 1
87801 88578 1
89355 90132 1
90909 91686 1
92463 93240 1
94017 94794 1
95571 96348 1
97125 97902 1
98679 99456 1
100233 101010 1
101787 102564 1
103341 104118 1
104895 105672 1
106449 107226 1
108003 108780 1
109557 110334 1
111111 111888 1
112665 113442 1
114219 114996 1
115773 116550 1
117327 118104 1
118881 119658 1
120435 121212 1
121989 122766 1
123543 124320 1
125097 125874 1
126651 127428 1
128205 128982 1
129759 130536 1
131313 132090 1
132867 133644 1
134421 135198 1
135975 136752 1
137529 138306 1
139083 139860 1
140637 141414 1
142191 142968 1
143745 144522 1
145299 146076 1
146853 147630 1
148407 149184 1
149961 150738 1
151515 152292 1
153069 153846 1
154623 155400 1
156177 156954 1
157731 158508 1
159285 160062 1
160839 161616 1
162393 163170 1
163947 164724 1
165501 166278 1
167055 167832 1
168609 169386 1
170163 170940 1
171717 172494 1
173271 174048 1
174825 175602 1
176379 177156 1
177933 178710 1
179487 180264 1
181041 181818 1
182595 183372 1
184149 184926 1
185703 186480 1
187257 188034 1
188811 189588 1
190365 191142 1
191919 192696 1
193473 194250 1
195027 195804 1
196581 197358 1
198135 198912 1
199689 200466 1
201243 202020 1
202797 203574 1
204351 205128 1
205905 206682 1
207459 208236 1
209013 209790 1
210567 211344 1
212121 212898 1
213675 214452 1
215229 216006 1
216783 217560 1
218337 219114 1
219891 220668 1
221445 222222 1
222999 223776 1
224553 225330 1
226107 226884 1
227661 228438 1
229215 229992 1
230769 231546 1
232323 233100 1
233877 234654 1
235431 236208 1
236985 237762 1
238539 239316 1
240093 240870 1
241647 242424 1
243201 243978 1
244755 245532 1
246309 247086 1
247863 248640 1
249417 250194 1
250971 251748 1
252525 253302 1
254079 254856 1
255633 256410 1
257187 257964 1
258741 259518 1
260295 261072 1
261849 262626 1
263403 264180 1
264957 265734 1
266511 267288 1
268065 268842 1
269619 270396 1
271173 271950 1
272727 273504 1
274281 275058 1
275835 276612 1
277389 278166 1
278943 279720 1
280497 281274 1
282051 282828 1
283605 284382 1
285159 285936 1
286713 287490 1
288267 289044 1
289821 290598 1
291375 292152 1
292929 293706 1
294483 295260 1
296037 296814 1
297591 298368 1
299145 299922 1
300699 301476 1
302253 303030 1
303807 304584 1
305361 306138 1
306915 307692 1
308469 309246 1
310023 310800 1
311577 312354 1
313131 313908 1
314685 315462 1
316239 317016 1
317793 318570 1
319347 320124 1
320901 321678 1
322455 323232 1
324009 324786 1
325563 326340 1
327117 327894 1
328671 329448 1
330225 331002 1
331779 332556 1
333333 334110 1
334887 335664 1
336441 337218 1
337995 338772 1
339549 340326 1
341103 341880 1
342657 343434 1
344211 344988 1
345765 346542 1
347319 348096 1
348873 349650 1
350427 351204 1
351981 352758 1
353535 354312 1
355089 355866 1
356643 357420 1
358197 358974 1
359751 360528 1
361305 362082 1
362859 363636 1
364413 365190 1
365967 366744 1
367521 368298 1
369075 369852 1
370629 371406 1
372183 372960 1
373737 374514 1
375291 376068 1
376845 377622 1
378399 379176 1
379953 380730 1
381507 382284 1
383061 383838 1
384615 385392 1
386169 386946 1
387723 388500 1
389277 390054 1
390831 391608 1
392385 393162 1
393939 394716 1
395493 396270 1
397047 397824 1
398601 399378 1
400155 400932 1
401709 402486 1
403263 404040 1
404817 405594 1
406371 407148 1
407925 408702 1
409479 410256 1
411033 411810 1
412587 413364 1
414141 414918 1
415695 416472 1
417249 418026 1
418803 419580 1
420357 421134 1
421911 422688 1
423465 424242 1
425019 425796 1
426573 427350 1
428127 428904 1
429681 430458 1
431235 432012 1
432789 433566 1
434343 435120 1
435897 436674 1
437451 438228 1
439005 439782 1
440559 441336 1
442113 442890 1
443667 444444 1
445221 445998 1
446775 447552 1
448329 449106 1
449883 450660 1
451437 452214 1
452991 453768 1
454545 455322 1
456099 456876 1
457653 458430 1
459207 459984 1
460761 461538 1
462315 463092 1
463869 464646 1
465423 466200 1
466977 467754 1
468531 469308 1
470085 470862 1
471639 472416 1
473193 473970 1
474747 475524 1
476301 477078 1
477855 478632 1
479409 480186 1
480963 481740 1
482517 483294 1
484071 484848 1
485625 486402 1
487179 487956 1
488733 489510 1
490287 491064 1
491841 492618 1
493395 494172 1
494949 495726 1
496503 497280 1
498057 498834 1
499611 500388 1
501165 501942 1
502719 503496 1
504273 505050 1
505827 506604 1
507381 508158 1
508935 509712 1
510489 511266 1
512043 512820 1
513597 514374 1
515151 515928 1
516705 517482 1
518259 519036 1
519813 520590 1
521367 522144 1
522921 523698 1
524475 525252 1
526029 526806 1
527583 528360 1
529137 529914 1
530691 531468 1
532245 533022 1
533799 534576 1
535353 536130 1
536907 537684 1
538461 539238 1
540015 540792 1
541569 542346 1
543123 543900 1
544677 545454 1
546231 547008 1
547785 548562 1
549339 550116 1
550893 551670 1
552447 553224 1
554001 554778 1
555555 556332 1
557109 557886 1
558663 559440 1
560217 560994 1
561771 562548 1
563325 564102 1
564879 565656 1
566433 567210 1
567987 568764 1
569541 570318 1
571095 571872 1
572649 573426 1
574203 574980 1
575757 576534 1
577311 578088 1
578865 579642 1
580419 581196 1
581973 582750 1
583527 584304 1
585081 585858 1
586635 587412 1
588189 588966 1
589743 590520 1
591297 592074 1
592851 593628 1
594405 595182 1
595959 596736 1
597513 598290 1
599067 599844 1
600621 601398 1
602175 602952 1
603729 604506 1
605283 606060 1
606837 607614 1
608391 609168 1
609945 610722 1
611499 612276 1
613053 613830 1
614607 615384 1
616161 616938 1
617715 618492 1
619269 620046 1
620823 621600 1
622377 623154 1
623931 624708 1
625485 626262 1
627039 627816 1
628593 629370 1
630147 630924 1
631701 632478 1
633255 634032 1
634809 635586 1
636363 637140 1
637917 638694 1
639471 640248 1
641025 641802 1
642579 643356 1
644133 644910 1
645687 646464 1
647241 648018 1
648795 649572 1
650349 651126 1
651903 652680 1
653457 654234 1
655011 655788 1
656565 657342 1
658119 658896 1
659673 660450 1
661227 662004 1
662781 663558 1
664335 665112 1
665889 666666 1
667443 668220 1
668997 669774 1
670551 671328 1
672105 672882 1
673659 674436 1
675213 675990 1
676767 677544 1
678321 679098 1
679875 680652 1
681429 682206 1
682983 683760 1
684537 685314 1
686091 686868 1
687645 688422 1
689199 689976 1
690753 691530 1
692307 693084 1
693861 694638 1
695415 696192 1
696969 697746 1
698523 699300 1
700077 700854 1
701631 702408 1
703185 703962 1
704739 705516 1
706293 707070 1
707847 708624 1
709401 710178 1
710955 711732 1
712509 713286 1
714063 714840 1
715617 716394 1
717171 717948 1
718725 719502 1
720279 721056 1
721833 722610 1
723387 724164 1
724941 725718 1
726495 727272 1
728049 728826 1
729603 730380 1
731157 731934 1
732711 733488 1
734265 735042 1
735819 736596 1
737373 738150 1
738927 739704 1
740481 741258 1
742035 742812 1
743589 744366 1
745143 745920 1
746697 747474 1
748251 749028 1
749805 750582 1
751359 752136 1
752913 753690 1
754467 755244 1
756021 756798 1
757575 758352 1
759129 759906 1
760683 761460 1
762237 763014 1
763791 764568 1
765345 766122 1
766899 767676 1
768453 769230 1
770007 770784 1
771561 772338 1
773115 773892 1
774669 775446 1
776223 777000 1
777777 778554 1
779331 780108 1
780885 781662 1
782439 783216 1
783993 784770 1
785547 786324 1
787101 787878 1
788655 789432 1
790209 790986 1
791763 792540 1
793317 794094 1
794871 795648 1
796425 797202 1
797979 798756 1
799533 800310 1
801087 801864 1
802641 803418 1
804195 804972 1
805749 806526 1
807303 808080 1
808857 809634 1
810411 811188 1
811965 812742 1
813519 814296 1
815073 815850 1
816627 817404 1
818181 818958 1
819735 820512 1
821289 822066 1
822843 823620 1
824397 825174 1
825951 826728 1
827505 828282 1
829059 829836 1
830613 831390 1
832167 832944 1
833721 834498 1
835275 836052 1
836829 837606 1
838383 839160 1
839937 840714 1
841491 842268 1
843045 843822 1
844599 845376 1
846153 846930 1
847707 848484 1
849261 850038 1
850815 851592 1
852369 853146 1
853923 854700 1
855477 856254 1
857031 857808 1
858585 859362 1
860139 860916 1
861693 862470 1
863247 864024 1
864801 865578 1
866355 867132 1
867909 868686 1
869463 870240 1
871017 871794 1
872571 873348 1
874125 874902 1
875679 876456 1
877233 878010 1
878787 879564 1
880341 881118 1
881895 882672 1
883449 884226 1
885003 885780 1
886557 887334 1
888111 888888 1
889665 890442 1
891219 891996 1
892773 893550 1
894327 895104 1
895881 896658 1
897435 898212 1
898989 899766 1
900543 901320 1
902097 902874 1
903651 904428 1
905205 905982 1
906759 907536 1
908313 909090 1
909867 910644 1
911421 912198 1
912975 913752 1
914529 915306 1
916083 916860 1
917637 918414 1
919191 919968 1
920745 921522 1
922299 923076 1
923853 924630 1
925407 926184 1
926961 927738 1
928515 929292 1
930069 930846 1
931623 932400 1
933177 933954 1
934731 935508 1
936285 937062 1
937839 938616 1
939393 940170 1
940947 941724 1
942501 943278 1
944055 944832 1
945609 946386 1
947163 947940 1
948717 949494 1
950271 951048 1
951825 952602 1
953379 954156 1
954933 955710 1
956487 957264 1
958041 958818 1
959595 960372 1
961149 961926 1
962703 963480 1
964257 965034 1
965811 966588 1
967365 968142 1
968919 969696 1
970473 971250 1
972027 972804 1
973581 974358 1
975135 975912 1
976689 977466 1
978243 979020 1
979797 980574 1
981351 982128 1
982905 983682 1
984459 985236 1
986013 986790 1
987567 988344 1
989121 989898 1
990675 991452 1
992229 993006 1
993783 994560 1
995337 996114 1
996891 997668 1
998445 999222 1
999999 1000776 1
1001553 1002330 1
1003107 1003884 1
1004661 1005438 1
1006215 1006992 1
1007769 1008546 1
1009323 1010100 1
1010877 1011654 1
1012431 1013208 1
1013985 1014762 1
1015539 1016316 1
1017093 1017870 1
1018647 1019424 1
1020201 1020978 1
1021755 1022532 1
1023309 1024086 1
1024863 1025640 1
1026417 1027194 1
1027971 1028748 1
1029525 1030302 1
1031079 1031856 1
1032633 1033410 1
1034187 1034964 1
1035741 1036518 1
1037295 1038072 1
1038849 1039626 1
1040403 1041180 1
1041957 1042734 1
1043511 1044288 1
1045065 1045842 1
1046619 1047396 1
1048173 1048950 1
1049727 1050504 1
1051281 1052058 1
1052835 1053612 1
1054389 1055166 1
1055943 1056720 1
1057497 1058274 1
1059051 1059828 1
1060605 1061382 1
1062159 1062936 1
1063713 1064490 1
1065267 1066044 1
1066821 1067598 1
1068375 1069152 1
1069929 1070706 1
1071483 1072260 1
1073037 1073814 1
1074591 1075368 1
1076145 1076922 1
1077699 1078476 1
1079253 1080030 1
1080807 1081584 1
1082361 1083138 1
1083915 1084692 1
1085469 1086246 1
1087023 1087800 1
1088577 1089354 1
1090131 1090908 1
1091685 1092462 1
1093239 1094016 1
1094793 1095570 1
1096347 1097124 1
1097901 1098678 1
1099455 1100232 1
1101009 1101786 1
1102563 1103340 1
1104117 1104894 1
1105671 1106448 1
1107225 1108002 1
1108779 1109556 1
1110333 1111110 1
1111887 1112664 1
1113441 1114218 1
1114995 1115772 1
1116549 1117326 1
1118103 1118880 1
1119657 1120434 1
1121211 1121988 1
1122765 1123542 1
1124319 1125096 1
1125873 1126650 1
1127427 1128204 1
1128981 1129758 1
1130535 1131312 1
1132089 1132866 1
1133643 1134420 1
1135197 1135974 1
1136751 1137528 1
1138305 1139082 1
1139859 1140636 1
1141413 1142190 1
1142967 1143744 1
1144521 1145298 1
1146075 1146852 1
1147629 1148406 1
1149183 1149960 1
1150737 1151514 1
1152291 1153068 1
1153845 1154622 1
1155399 1156176 1
1156953 1157730 1
1158507 1159284 1
1160061 1160838 1
1161615 1162392 1
1163169 1163946 1
1164723 1165500 1
1166277 1167054 1
1167831 1168608 1
1169385 1170162 1
1170939 1171716 1
1172493 1173270 1
1174047 1174824 1
1175601 1176378 1
1177155 1177932 1
1178709 1179486 1
1180263 1181040 1
1181817 1182594 1
1183371 1184148 1
1184925 1185702 1
1186479 1187256 1
1188033 1188810 1
1189587 1190364 1
1191141 1191918 1
1192695 1193472 1
1194249 1195026 1
1195803 1196580 1
1197357 1198134 1
1198911 1199688 1
1200465 1201242 1
1202019 1202796 1
1203573 1204350 1
1205127 1205904 1
1206681 1207458 1
1208235 1209012 1
1209789 1210566 1
1211343 1212120 1
1212897 1213674 1
1214451 1215228 1
1216005 1216782 1
1217559 1218336 1
1219113 1219890 1
1220667 1221444 1
1222221 1222998 1
1223775 1224552 1
1225329 1226106 1
1226883 1227660 1
1228437 1229214 1
1229991 1230768 1
1231545 1232322 1
1233099 1233876 1
1234653 1235430 1
1236207 1236984 1
1237761 1238538 1
1239315 1240092 1
1240869 1241646 1
1242423 1243200 1
1243977 1244754 1
1245531 1246308 1
1247085 1247862 1
1248639 1249416 1
1250193 1250970 1
1251747 1252524 1
1253301 1254078 1
1254855 1255632 1
1256409 1257186 1
1257963 1258740 1
1259517 1260294 1
1261071 1261848 1
1262625 1263402 1
1264179 1264956 1
1265733 1266510 1
1267287 1268064 1
1268841 1269618 1
1270395 1271172 1
1271949 1272726 1
1273503 1274280 1
1275057 1275834 1
1276611 1277388 1
1278165 1278942 1
1279719 1280496 1
1281273 1282050 1
1282827 1283604 1
1284381 1285158 1
1285935 1286712 1
1287489 1288266 1
1289043 1289820 1
1290597 1291374 1
1292151 1292928 1
1293705 1294482 1
1295259 1296036 1
1296813 1297590 1
1298367 1299144 1
1299921 1300698 1
1301475 1302252 1
1303029 1303806 1
1304583 1305360 1
1306137 1306914 1
1307691 1308468 1
1309245 1310022 1
1310799 1311576 1
1312353 1313130 1
1313907 1314684 1
1315461 1316238 1
1317015 1317792 1
1318569 1319346 1
1320123 1320900 1
1321677 1322454 1
1323231 1324008 1
1324785 1325562 1
1326339 1327116 1
1327893 1328670 1
1329447 1330224 1
1331001 1331778 1
1332555 1333332 1
1334109 1334886 1
1335663 1336440 1
1337217 1337994 1
1338771 1339548 1
1340325 1341102 1
1341879 1342656 1
1343433 1344210 1
1344987 1345764 1
1346541 1347318 1
1348095 1348872 1
1349649 1350426 1
1351203 1351980 1
1352757 1353534 1
1354311 1355088 1
1355865 1356642 1
1357419 1358196 1
1358973 1359750 1
1360527 1361304 1
1362081 1362858 1
1363635 1364412 1
1365189 1365966 1
1366743 1367520 1
1368297 1369074 1
1369851 1370628 1
1371405 1372182 1
1372959 1373736 1
1374513 1375290 1
1376067 1376844 1
1377621 1378398 1
1379175 1379952 1
1380729 1381506 1
1382283 1383060 1
1383837 1384614 1
1385391 1386168 1
1386945 1387722 1
1388499 1389276 1
1390053 1390830 1
1391607 1392384 1
1393161 1393938 1
1394715 1395492 1
1396269 1397046 1
1397823 1398600 1
1399377 1400154 1
1400931 1401708 1
1402485 1403262 1
1404039 1404816 1
1405593 1406370 1
1407147 1407924 1
1408701 1409478 1
1410255 1411032 1
1411809 1412586 1
1413363 1414140 1
1414917 1415694 1
1416471 1417248 1
1418025 1418802 1
1419579 1420356 1
1421133 1421910 1
1422687 1423464 1
1424241 1425018 1
1425795 1426572 1
1427349 1428126 1
1428903 1429680 1
1430457 1431234 1
1432011 1432788 1
1433565 1434342 1
1435119 1435896 1
1436673 1437450 1
1438227 1439004 1
1439781 1440558 1
1441335 1442112 1
1442889 1443666 1
1444443 1445220 1
1445997 1446774 1
1447551 1448328 1
1449105 1449882 1
1450659 1451436 1
1452213 1452990 1
1453767 1454544 1
1455321 1456098 1
1456875 1457652 1
1458429 1459206 1
1459983 1460760 1
1461537 1462314 1
1463091 1463868 1
1464645 1465422 1
1466199 1466976 1
1467753 1468530 1
1469307 1470084 1
1470861 1471638 1
1472415 1473192 1
1473969 1474746 1
1475523 1476300 1
1477077 1477854 1
1478631 1479408 1
1480185 1480962 1
1481739 1482516 1
1483293 1484070 1
1484847 1485624 1
1486401 1487178 1
1487955 1488732 1
1489509 1490286 1
1491063 1491840 1
1492617 1493394 1
1494171 1494948 1
1495725 1496502 1
1497279 1498056 1
1498833 1499610 1
1500387 1501164 1
1501941 1502718 1
1503495 1504272 1
1505049 1505826 1
1506603 1507380 1
1508157 1508934 1
1509711 1510488 1
1511265 1512042 1
1512819 1513596 1
1514373 1515150 1
1515927 1516704 1
1517481 1518258 1
1519035 1519812 1
1520589 1521366 1
1522143 1522920 1
1523697 1524474 1
1525251 1526028 1
1526805 1527582 1
1528359 1529136 1
1529913 1530690 1
1531467 1532244 1
1533021 1533798 1
1534575 1535352 1
1536129 1536906 1
1537683 1538460 1
1539237 1540014 1
1540791 1541568 1
1542345 1543122 1
1543899 1544676 1
1545453 1546230 1
1547007 1547784 1
1548561 1549338 1
1550115 1550892 1
1551669 1552446 1
1553223 1554000 1
1554777 1555554 1
1556331 1557108 1
1557885 1558662 1
1559439 1560216 1
1560993 1561770 1
1562547 1563324 1
1564101 1564878 1
1565655 1566432 1
1567209 1567986 1
1568763 1569540 1
1570317 1571094 1
1571871 1572648 1
1573425 1574202 1
1574979 1575756 1
1576533 1577310 1
1578087 1578864 1
1579641 1580418 1
1581195 1581972 1
1582749 1583526 1
1584303 1585080 1
1585857 1586634 1
1587411 1588188 1
1588965 1589742 1
1590519 1591296 1
1592073 1592850 1
1593627 1594404 1
1595181 1595958 1
1596735 1597512 1
1598289 1599066 1
1599843 1600620 1
1601397 1602174 1
1602951 1603728 1
1604505 1605282 1
1606059 1606836 1
1607613 1608390 1
1609167 1609944 1
1610721 1611498 1
1612275 1613052 1
1613829 1614606 1
1615383 1616160 1
1616937 1617714 1
1618491 1619268 1
1620045 1620822 1
1621599 1622376 1
1623153 1623930 1
1624707 1625484 1
1626261 1627038 1
1627815 1628592 1
1629369 1630146 1
1630923 1631700 1
1632477 1633254 1
1634031 1634808 1
1635585 1636362 1
1637139 1637916 1
1638693 1639470 1
1640247 1641024 1
1641801 1642578 1
1643355 1644132 1
1644909 1645686 1
1646463 1647240 1
1648017 1648794 1
1649571 1650348 1
1651125 1651902 1
1652679 1653456 1
1654233 1655010 1
1655787 1656564 1
1657341 1658118 1
1658895 1659672 1
1660449 1661226 1
1662003 1662780 1
1663557 1664334 1
1665111 1665888 1
1666665 1667442 1
1668219 1668996 1
1669773 1670550 1
1671327 1672104 1
1672881 1673658 1
1674435 1675212 1
1675989 1676766 1
1677543 1678320 1
1679097 1679874 1
1680651 1681428 1
1682205 1682982 1
1683759 1684536 1
1685313 1686090 1
1686867 1687644 1
1688421 1689198 1
1689975 1690752 1
1691529 1692306 1
1693083 1693860 1
1694637 1695414 1
1696191 1696968 1
1697745 1698522 1
1699299 1700076 1
1700853 1701630 1
1702407 1703184 1
1703961 1704738 1
1705515 1706292 1
1707069 1707846 1
1708623 1709400 1
1710177 1710954 1
1711731 1712508 1
1713285 1714062 1
1714839 1715616 1
1716393 1717170 1
1717947 1718724 1
1719501 1720278 1
1721055 1721832 1
1722609 1723386 1
1724163 1724940 1
1725717 1726494 1
1727271 1728048 1
1728825 1729602 1
1730379 1731156 1
1731933 1732710 1
1733487 1734264 1
1735041 1735818 1
1736595 1737372 1
1738149 1738926 1
1739703 1740480 1
1741257 1742034 1
1742811 1743588 1
1744365 1745142 1
1745919 1746696 1
1747473 1748250 1
1749027 1749804 1
1750581 1751358 1
1752135 1752912 1
1753689 1754466 1
1755243 1756020 1
1756797 1757574 1
1758351 1759128 1
1759905 1760682 1
1761459 1762236 1
1763013 1763790 1
1764567 1765344 1
1766121 1766898 1
1767675 1768452 1
1769229 1770006 1
1770783 1771560 1
1772337 1773114 1
1773891 1774668 1
1775445 1776222 1
1776999 1777776 1
1778553 1779330 1
1780107 1780884 1
1781661 1782438 1
1783215 1783992 1
1784769 1785546 1
1786323 1787100 1
1787877 1788654 1
1789431 1790208 1
1790985 1791762 1
1792539 1793316 1
1794093 1794870 1
1795647 1796424 1
1797201 1797978 1
1798755 1799532 1
1800309 1801086 1
1801863 1802640 1
1803417 1804194 1
1804971 1805748 1
1806525 1807302 1
1808079 1808856 1
1809633 1810410 1
1811187 1811964 1
1812741 1813518 1
1814295 1815072 1
1815849 1816626 1
1817403 1818180 1
1818957 1819734 1
1820511 1821288 1
1822065 1822842 1
1823619 1824396 1
1825173 1825950 1
1826727 1827504 1
1828281 1829058 1
1829835 1830612 1
1831389 1832166 1
1832943 1833720 1
1834497 1835274 1
1836051 1836828 1
1837605 1838382 1
1839159 1839936 1
1840713 1841490 1
1842267 1843044 1
1843821 1844598 1
1845375 1846152 1
1846929 1847706 1
1848483 1849260 1
1850037 1850814 1
1851591 1852368 1
1853145 1853922 1
1854699 1855476 1
1856253 1857030 1
1857807 1858584 1
1859361 1860138 1
1860915 1861692 1
1862469 1863246 1
1864023 1864800 1
1865577 1866354 1
1867131 1867908 1
1868685 1869462 1
1870239 1871016 1
1871793 1872570 1
1873347 1874124 1
1874901 1875678 1
1876455 1877232 1
1878009 1878786 1
1879563 1880340 1
1881117 1881894 1
1882671 1883448 1
1884225 1885002 1
1885779 1886556 1
1887333 1888110 1
1888887 1889664 1
1890441 1891218 1
1891995 1892772 1
1893549 1894326 1
1895103 1895880 1
1896657 1897434 1
1898211 1898988 1
1899765 1900542 1
1901319 1902096 1
1902873 1903650 1
1904427 1905204 1
1905981 1906758 1
1907535 1908312 1
1909089 1909866 1
1910643 1911420 1
1912197 1912974 1
1913751 1914528 1
1915305 1916082 1
1916859 1917636 1
1918413 1919190 1
1919967 1920744 1
1921521 1922298 1
1923075 1923852 1
1924629 1925406 1
1926183 1926960 1
1927737 1928514 1
1929291 1930068 1
1930845 1931622 1
1932399 1933176 1
1933953 1934730 1
1935507 1936284 1
1937061 1937838 1
1938615 1939392 1
1940169 1940946 1
1941723 1942500 1
1943277 1944054 1
1944831 1945608 1
1946385 1947162 1
1947939 1948716 1
1949493 1950270 1
1951047 1951824 1
1952601 1953378 1
1954155 1954932 1
1955709 1956486 1
1957263 1958040 1
1958817 1959594 1
1960371 1961148 1
1961925 1962702 1
1963479 1964256 1
1965033 1965810 1
1966587 1967364 1
1968141 1968918 1
1969695 1970472 1
1971249 1972026 1
1972803 1973580 1
1974357 1975134 1
1975911 1976688 1
1977465 1978242 1
1979019 1979796 1
1980573 1981350 1
1982127 1982904 1
1983681 1984458 1
1985235 1986012 1
1986789 1987566 1
1988343 1989120 1
1989897 1990674 1
1991451 1992228 1
1993005 1993782 1
1994559 1995336 1
1996113 1996890 1
1997667 1998444 1
1999221 1999998 1
2000775 2001552 1
2002329 2003106 1
2003883 2004660 1
2005437 2006214 1
2006991 2007768 1
2008545 2009322 1
2010099 2010876 1
2011653 2012430 1
2013207 2013984 1
2014761 2015538 1
2016315 2017092 1
2017869 2018646 1
2019423 2020200 1
2020977 2021754 1
2022531 2023308 1
2024085 2024862 1
2025639 2026416 1
2027193 2027970 1
2028747 2029524 1
2030301 2031078 1
2031855 2032632 1
2033409 2034186 1
2034963 2035740 1
2036517 2037294 1
2038071 2038848 1
2039625 2040402 1
2041179 2041956 1
2042733 2043510 1
2044287 2045064 1
2045841 2046618 1
2047395 2048172 1
2048949 2049726 1
2050503 2051280 1
2052057 2052834 1
2053611 2054388 1
2055165 2055942 1
2056719 2057496 1
2058273 2059050 1
2059827 2060604 1
2061381 2062158 1
2062935 2063712 1
2064489 2065266 1
2066043 2066820 1
2067597 2068374 1
2069151 2069928 1
2070705 2071482 1
2072259 2073036 1
2073813 2074590 1
2075367 2076144 1
2076921 2077698 1
2078475 2079252 1
2080029 2080806 1
2081583 2082360 1
2083137 2083914 1
2084691 2085468 1
2086245 2087022 1
2087799 2088576 1
2089353 2090130 1
2090907 2091684 1
2092461 2093238 1
2094015 2094792 1
2095569 2096346 1
2097123 2097900 1
2098677 2099454 1
2100231 2101008 1
2101785 2102562 1
2103339 2104116 1
2104893 2105670 1
2106447 2107224 1
2108001 2108778 1
2109555 2110332 1
2111109 2111886 1
2112663 2113440 1
2114217 2114994 1
2115771 2116548 1
2117325 2118102 1
2118879 2119656 1
2120433 2121210 1
2121987 2122764 1
2123541 2124318 1
2125095 2125872 1
2126649 2127426 1
2128203 2128980 1
2129757 2130534 1
2131311 2132088 1
2132865 2133642 1
2134419 2135196 1
2135973 2136750 1
2137527 2138304 1
2139081 2139858 1
2140635 2141412 1
2142189 2142966 1
2143743 2144520 1
2145297 2146074 1
2146851 2147628 1
2148405 2149182 1
2149959 2150736 1
2151513 2152290 1
2153067 2153844 1
2154621 2155398 1
2156175 2156952 1
2157729 2158506 1
2159283 2160060 1
2160837 2161614 1
2162391 2163168 1
2163945 2164722 1
2165499 2166276 1
2167053 2167830 1
2168607 2169384 1
2170161 2170938 1
2171715 2172492 1
2173269 2174046 1
2174823 2175600 1
2176377 2177154 1
2177931 2178708 1
2179485 2180262 1
2181039 2181816 1
2182593 2183370 1
2184147 2184924 1
2185701 2186478 1
2187255 2188032 1
2188809 2189586 1
2190363 2191140 1
2191917 2192694 1
2193471 2194248 1
2195025 2195802 1
2196579 2197356 1
2198133 2198910 1
2199687 2200464 1
2201241 2202018 1
2202795 2203572 1
2204349 2205126 1
2205903 2206680 1
2207457 2208234 1
2209011 2209788 1
2210565 2211342 1
2212119 2212896 1
2213673 2214450 1
2215227 2216004 1
2216781 2217558 1
2218335 2219112 1
2219889 2220666 1
2221443 2222220 1
2222997 2223774 1
2224551 2225328 1
2226105 2226882 1
2227659 2228436 1
2229213 2229990 1
2230767 2231544 1
2232321 2233098 1
2233875 2234652 1
2235429 2236206 1
2236983 2237760 1
2238537 2239314 1
2240091 2240868 1
2241645 2242422 1
2243199 2243976 1
2244753 2245530 1
2246307 2247084 1
2247861 2248638 1
2249415 2250192 1
2250969 2251746 1
2252523 2253300 1
2254077 2254854 1
2255631 2256408 1
2257185 2257962 1
2258739 2259516 1
2260293 2261070 1
2261847 2262624 1
2263401 2264178 1
2264955 2265732 1
2266509 2267286 1
2268063 2268840 1
2269617 2270394 1
2271171 2271948 1
2272725 2273502 1
2274279 2275056 1
2275833 2276610 1
2277387 2278164 1
2278941 2279718 1
2280495 2281272 1
2282049 2282826 1
2283603 2284380 1
2285157 2285934 1
2286711 2287488 1
2288265 2289042 1
2289819 2290596 1
2291373 2292150 1
2292927 2293704 1
2294481 2295258 1
2296035 2296812 1
2297589 2298366 1
2299143 2299920 1
2300697 2301474 1
2302251 2303028 1
2303805 2304582 1
2305359 2306136 1
2306913 2307690 1
2308467 2309244 1
2310021 2310798 1
2311575 2312352 1
2313129 2313906 1
2314683 2315460 1
2316237 2317014 1
2317791 2318568 1
2319345 2320122 1
2320899 2321676 1
2322453 2323230 1
2324007 2324784 1
2325561 2326338 1
2327115 2327892 1
2328669 2329446 1
2330223 2331000 1
2331777 2332554 1
2333331 2334108 1
2334885 2335662 1
2336439 2337216 1
2337993 2338770 1
2339547 2340324 1
2341101 2341878 1
2342655 2343432 1
2344209 2344986 1
2345763 2346540 1
2347317 2348094 1
2348871 2349648 1
2350425 2351202 1
2351979 2352756 1
2353533 2354310 1
2355087 2355864 1
2356641 2357418 1
2358195 2358972 1
2359749 2360526 1
2361303 2362080 1
2362857 2363634 1
2364411 2365188 1
2365965 2366742 1
2367519 2368296 1
2369073 2369850 1
2370627 2371404 1
2372181 2372958 1
2373735 2374512 1
2375289 2376066 1
2376843 2377620 1
2378397 2379174 1
2379951 2380728 1
2381505 2382282 1
2383059 2383836 1
2384613 2385390 1
2386167 2386944 1
2387721 2388498 1
2389275 2390052 1
2390829 2391606 1
2392383 2393160 1
2393937 2394714 1
2395491 2396268 1
2397045 2397822 1
2398599 2399376 1
2400153 2400930 1
2401707 2402484 1
2403261 2404038 1
2404815 2405592 1
2406369 2407146 1
2407923 2408700 1
2409477 2410254 1
2411031 2411808 1
2412585 2413362 1
2414139 2414916 1
2415693 2416470 1
2417247 2418024 1
2418801 2419578 1
2420355 2421132 1
2421909 2422686 1
2423463 2424240 1
2425017 2425794 1
2426571 2427348 1
2428125 2428902 1
2429679 2430456 1
2431233 2432010 1
2432787 2433564 1
2434341 2435118 1
2435895 2436672 1
2437449 2438226 1
2439003 2439780 1
2440557 2441334 1
2442111 2442888 1
2443665 2444442 1
2445219 2445996 1
2446773 2447550 1
2448327 2449104 1
2449881 2450658 1
2451435 2452212 1
2452989 2453766 1
2454543 2455320 1
2456097 2456874 1
2457651 2458428 1
2459205 2459982 1
2460759 2461536 1
2462313 2463090 1
2463867 2464644 1
2465421 2466198 1
2466975 2467752 1
2468529 2469306 1
2470083 2470860 1
2471637 2472414 1
2473191 2473968 1
2474745 2475522 1
2476299 2477076 1
2477853 2478630 1
2479407 2480184 1
2480961 2481738 1
2482515 2483292 1
2484069 2484846 1
2485623 2486400 1
2487177 2487954 1
2488731 2489508 1
2490285 2491062 1
2491839 2492616 1
2493393 2494170 1
2494947 2495724 1
2496501 2497278 1
2498055 2498832 1
2499609 2500386 1
2501163 2501940 1
2502717 2503494 1
2504271 2505048 1
2505825 2506602 1
2507379 2508156 1
2508933 2509710 1
2510487 2511264 1
2512041 2512818 1
2513595 2514372 1
2515149 2515926 1
2516703 2517480 1
2518257 2519034 1
2519811 2520588 1
2521365 2522142 1
2522919 2523696 1
2524473 2525250 1
2526027 2526804 1
2527581 2528358 1
2529135 2529912 1
2530689 2531466 1
2532243 2533020 1
2533797 2534574 1
2535351 2536128 1
2536905 2537682 1
2538459 2539236 1
2540013 2540790 1
2541567 2542344 1
2543121 2543898 1
2544675 2545452 1
2546229 2547006 1
2547783 2548560 1
2549337 2550114 1
2550891 2551668 1
2552445 2553222 1
2553999 2554776 1
2555553 2556330 1
2557107 2557884 1
2558661 2559438 1
2560215 2560992 1
2561769 2562546 1
2563323 2564100 1
2564877 2565654 1
2566431 2567208 1
2567985 2568762 1
2569539 2570316 1
2571093 2571870 1
2572647 2573424 1
2574201 2574978 1
2575755 2576532 1
2577309 2578086 1
2578863 2579640 1
2580417 2581194 1
2581971 2582748 1
2583525 2584302 1
2585079 2585856 1
2586633 2587410 1
2588187 2588964 1
2589741 2590518 1
2591295 2592072 1
2592849 2593626 1
2594403 2595180 1
2595957 2596734 1
2597511 2598288 1
2599065 2599842 1
2600619 2601396 1
2602173 2602950 1
2603727 2604504 1
2605281 2606058 1
2606835 2607612 1
2608389 2609166 1
2609943 2610720 1
2611497 2612274 1
2613051 2613828 1
2614605 2615382 1
2616159 2616936 1
2617713 2618490 1
2619267 2620044 1
2620821 2621598 1
2622375 2623152 1
2623929 2624706 1
2625483 2626260 1
2627037 2627814 1
2628591 2629368 1
2630145 2630922 1
2631699 2632476 1
2633253 2634030 1
2634807 2635584 1
2636361 2637138 1
2637915 2638692 1
2639469 2640246 1
2641023 2641800 1
2642577 2643354 1
2644131 2644908 1
2645685 2646462 1
2647239 2648016 1
2648793 2649570 1
2650347 2651124 1
2651901 2652678 1
2653455 2654232 1
2655009 2655786 1
2656563 2657340 1
2658117 2658894 1
2659671 2660448 1
2661225 2662002 1
2662779 2663556 1
2664333 2665110 1
2665887 2666664 1
2667441 2668218 1
2668995 2669772 1
2670549 2671326 1
2672103 2672880 1
2673657 2674434 1
2675211 2675988 1
2676765 2677542 1
2678319 2679096 1
2679873 2680650 1
2681427 2682204 1
2682981 2683758 1
2684535 2685312 1
2686089 2686866 1
2687643 2688420 1
2689197 2689974 1
2690751 2691528 1
2692305 2693082 1
2693859 2694636 1
2695413 2696190 1
2696967 2697744 1
2698521 2699298 1
2700075 2700852 1
2701629 2702406 1
2703183 2703960 1
2704737 2705514 1
2706291 2707068 1
2707845 2708622 1
2709399 2710176 1
2710953 2711730 1
2712507 2713284 1
2714061 2714838 1
2715615 2716392 1
2717169 2717946 1
2718723 2719500 1
2720277 2721054 1
2721831 2722608 1
2723385 2724162 1
2724939 2725716 1
2726493 2727270 1
2728047 2728824 1
2729601 2730378 1
2731155 2731932 1
2732709 2733486 1
2734263 2735040 1
2735817 2736594 1
2737371 2738148 1
2738925 2739702 1
2740479 2741256 1
2742033 2742810 1
2743587 2744364 1
2745141 2745918 1
2746695 2747472 1
2748249 2749026 1
2749803 2750580 1
2751357 2752134 1
2752911 2753688 1
2754465 2755242 1
2756019 2756796 1
2757573 2758350 1
2759127 2759904 1
2760681 2761458 1
2762235 2763012 1
2763789 2764566 1
2765343 2766120 1
2766897 2767674 1
2768451 2769228 1
2770005 2770782 1
2771559 2772336 1
2773113 2773890 1
2774667 2775444 1
2776221 2776998 1
2777775 2778552 1
2779329 2780106 1
2780883 2781660 1
2782437 2783214 1
2783991 2784768 1
2785545 2786322 1
2787099 2787876 1
2788653 2789430 1
2790207 2790984 1
2791761 2792538 1
2793315 2794092 1
2794869 2795646 1
2796423 2797200 1
2797977 2798754 1
2799531 2800308 1
2801085 2801862 1
2802639 2803416 1
2804193 2804970 1
2805747 2806524 1
2807301 2808078 1
2808855 2809632 1
2810409 2811186 1
2811963 2812740 1
2813517 2814294 1
2815071 2815848 1
2816625 2817402 1
2818179 2818956 1
2819733 2820510 1
2821287 2822064 1
2822841 2823618 1
2824395 2825172 1
2825949 2826726 1
2827503 2828280 1
2829057 2829834 1
2830611 2831388 1
2832165 2832942 1
2833719 2834496 1
2835273 2836050 1
2836827 2837604 1
2838381 2839158 1
2839935 2840712 1
2841489 2842266 1
2843043 2843820 1
2844597 2845374 1
2846151 2846928 1
2847705 2848482 1
2849259 2850036 1
2850813 2851590 1
2852367 2853144 1
2853921 2854698 1
2855475 2856252 1
2857029 2857806 1
2858583 2859360 1
2860137 2860914 1
2861691 2862468 1
2863245 2864022 1
2864799 2865576 1
2866353 2867130 1
2867907 2868684 1
2869461 2870238 1
2871015 2871792 1
2872569 2873346 1
2874123 2874900 1
2875677 2876454 1
2877231 2878008 1
2878785 2879562 1
2880339 2881116 1
2881893 2882670 1
2883447 2884224 1
2885001 2885778 1
2886555 2887332 1
2888109 2888886 1
2889663 2890440 1
2891217 2891994 1
2892771 2893548 1
2894325 2895102 1
2895879 2896656 1
2897433 2898210 1
2898987 2899764 1
2900541 2901318 1
2902095 2902872 1
2903649 2904426 1
2905203 2905980 1
2906757 2907534 1
2908311 2909088 1
2909865 2910642 1
2911419 2912196 1
2912973 2913750 1
2914527 2915304 1
2916081 2916858 1
2917635 2918412 1
2919189 2919966 1
2920743 2921520 1
2922297 2923074 1
2923851 2924628 1
2925405 2926182 1
2926959 2927736 1
2928513 2929290 1
2930067 2930844 1
2931621 2932398 1
2933175 2933952 1
2934729 2935506 1
2936283 2937060 1
2937837 2938614 1
2939391 2940168 1
2940945 2941722 1
2942499 2943276 1
2944053 2944830 1
2945607 2946384 1
2947161 2947938 1
2948715 2949492 1
2950269 2951046 1
2951823 2952600 1
2953377 2954154 1
2954931 2955708 1
2956485 2957262 1
2958039 2958816 1
2959593 2960370 1
2961147 2961924 1
2962701 2963478 1
2964255 2965032 1
2965809 2966586 1
2967363 2968140 1
2968917 2969694 1
2970471 2971248 1
2972025 2972802 1
2973579 2974356 1
2975133 2975910 1
2976687 2977464 1
2978241 2979018 1
2979795 2980572 1
2981349 2982126 1
2982903 2983680 1
2984457 2985234 1
2986011 2986788 1
2987565 2988342 1
2989119 2989896 1
2990673 2991450 1
2992227 2993004 1
2993781 2994558 1
2995335 2996112 1
2996889 2997666 1
2998443 2999220 1
2999997 3000774 1
3001551 3002328 1
3003105 3003882 1
3004659 3005436 1
3006213 3006990 1
3007767 3008544 1
3009321 3010098 1
3010875 3011652 1
3012429 3013206 1
3013983 3014760 1
3015537 3016314 1
3017091 3017868 1
3018645 3019422 1
3020199 3020976 1
3021753 3022530 1
3023307 3024084 1
3024861 3025638 1
3026415 3027192 1
3027969 3028746 1
3029523 3030300 1
3031077 3031854 1
3032631 3033408 1
3034185 3034962 1
3035739 3036516 1
3037293 3038070 1
3038847 3039624 1
3040401 3041178 1
3041955 3042732 1
3043509 3044286 1
3045063 3045840 1
3046617 3047394 1
3048171 3048948 1
3049725 3050502 1
3051279 3052056 1
3052833 3053610 1
3054387 3055164 1
3055941 3056718 1
3057495 3058272 1
3059049 3059826 1
3060603 3061380 1
3062157 3062934 1
3063711 3064488 1
3065265 3066042 1
3066819 3067596 1
3068373 3069150 1
3069927 3070704 1
3071481 3072258 1
3073035 3073812 1
3074589 3075366 1
3076143 3076920 1
3077697 3078474 1
3079251 3080028 1
3080805 3081582 1
3082359 3083136 1
3083913 3084690 1
3085467 3086244 1
3087021 3087798 1
3088575 3089352 1
3090129 3090906 1
3091683 3092460 1
3093237 3094014 1
3094791 3095568 1
3096345 3097122 1
3097899 3098676 1
3099453 3100230 1
3101007 3101784 1
3102561 3103338 1
3104115 3104892 1
3105669 3106446 1
3107223 3108000 1
3108777 3109554 1
3110331 3111108 1
3111885 3112662 1
3113439 3114216 1
3114993 3115770 1
3116547 3117324 1
3118101 3118878 1
3119655 3120432 1
3121209 3121986 1
3122763 3123540 1
3124317 3125094 1
3125871 3126648 1
3127425 3128202 1
3128979 3129756 1
3130533 3131310 1
3132087 3132864 1
3133641 3134418 1
3135195 3135972 1
3136749 3137526 1
3138303 3139080 1
3139857 3140634 1
3141411 3142188 1
3142965 3143742 1
3144519 3145296 1
3146073 3146850 1
3147627 3148404 1
3149181 3149958 1
3150735 3151512 1
3152289 3153066 1
3153843 3154620 1
3155397 3156174 1
3156951 3157728 1
3158505 3159282 1
3160059 3160836 1
3161613 3162390 1
3163167 3163944 1
3164721 3165498 1
3166275 3167052 1
3167829 3168606 1
3169383 3170160 1
3170937 3171714 1
3172491 3173268 1
3174045 3174822 1
3175599 3176376 1
3177153 3177930 1
3178707 3179484 1
3180261 3181038 1
3181815 3182592 1
3183369 3184146 1
3184923 3185700 1
3186477 3187254 1
3188031 3188808 1
3189585 3190362 1
3191139 3191916 1
3192693 3193470 1
3194247 3195024 1
3195801 3196578 1
3197355 3198132 1
3198909 3199686 1
3200463 3201240 1
3202017 3202794 1
3203571 3204348 1
3205125 3205902 1
3206679 3207456 1
3208233 3209010 1
3209787 3210564 1
3211341 3212118 1
3212895 3213672 1
3214449 3215226 1
3216003 3216780 1
3217557 3218334 1
3219111 3219888 1
3220665 3221442 1
3222219 3222996 1
3223773 3224550 1
3225327 3226104 1
3226881 3227658 1
3228435 3229212 1
3229989 3230766 1
3231543 3232320 1
3233097 3233874 1
3234651 3235428 1
3236205 3236982 1
3237759 3238536 1
3239313 3240090 1
3240867 3241644 1
3242421 3243198 1
3243975 3244752 1
3245529 3246306 1
3247083 3247860 1
3248637 3249414 1
3250191 3250968 1
3251745 3252522 1
3253299 3254076 1
3254853 3255630 1
3256407 3257184 1
3257961 3258738 1
3259515 3260292 1
3261069 3261846 1
3262623 3263400 1
3264177 3264954 1
3265731 3266508 1
3267285 3268062 1
3268839 3269616 1
3270393 3271170 1
3271947 3272724 1
3273501 3274278 1
3275055 3275832 1
3276609 3277386 1
3278163 3278940 1
3279717 3280494 1
3281271 3282048 1
3282825 3283602 1
3284379 3285156 1
3285933 3286710 1
3287487 3288264 1
3289041 3289818 1
3290595 3291372 1
3292149 3292926 1
3293703 3294480 1
3295257 3296034 1
3296811 3297588 1
3298365 3299142 1
3299919 3300696 1
3301473 3302250 1
3303027 3303804 1
3304581 3305358 1
3306135 3306912 1
3307689 3308466 1
3309243 3310020 1
3310797 3311574 1
3312351 3313128 1
3313905 3314682 1
3315459 3316236 1
3317013 3317790 1
3318567 3319344 1
3320121 3320898 1
3321675 3322452 1
3323229 3324006 1
3324783 3325560 1
3326337 3327114 1
3327891 3328668 1
3329445 3330222 1
3330999 3331776 1
3332553 3333330 1
3334107 3334884 1
3335661 3336438 1
3337215 3337992 1
3338769 3339546 1
3340323 3341100 1
3341877 3342654 1
3343431 3344208 1
3344985 3345762 1
3346539 3347316 1
3348093 3348870 1
3349647 3350424 1
3351201 3351978 1
3352755 3353532 1
3354309 3355086 1
3355863 3356640 1
3357417 3358194 1
3358971 3359748 1
3360525 3361302 1
3362079 3362856 1
3363633 3364410 1
3365187 3365964 1
3366741 3367518 1
3368295 3369072 1
3369849 3370626 1
3371403 3372180 1
3372957 3373734 1
3374511 3375288 1
3376065 3376842 1
3377619 3378396 1
3379173 3379950 1
3380727 3381504 1
3382281 3383058 1
3383835 3384612 1
3385389 3386166 1
3386943 3387720 1
3388497 3389274 1
3390051 3390828 1
3391605 3392382 1
3393159 3393936 1
3394713 3395490 1
3396267 3397044 1
3397821 3398598 1
3399375 3400152 1
3400929 3401706 1
3402483 3403260 1
3404037 3404814 1
3405591 3406368 1
3407145 3407922 1
3408699 3409476 1
3410253 3411030 1
3411807 3412584 1
3413361 3414138 1
3414915 3415692 1
3416469 3417246 1
3418023 3418800 1
3419577 3420354 1
3421131 3421908 1
3422685 3423462 1
3424239 3425016 1
3425793 3426570 1
3427347 3428124 1
3428901 3429678 1
3430455 3431232 1
3432009 3432786 1
3433563 3434340 1
3435117 3435894 1
3436671 3437448 1
3438225 3439002 1
3439779 3440556 1
3441333 3442110 1
3442887 3443664 1
3444441 3445218 1
3445995 3446772 1
3447549 3448326 1
3449103 3449880 1
3450657 3451434 1
3452211 3452988 1
3453765 3454542 1
3455319 3456096 1
3456873 3457650 1
3458427 3459204 1
3459981 3460758 1
3461535 3462312 1
3463089 3463866 1
3464643 3465420 1
3466197 3466974 1
3467751 3468528 1
3469305 3470082 1
3470859 3471636 1
3472413 3473190 1
3473967 3474744 1
3475521 3476298 1
3477075 3477852 1
3478629 3479406 1
3480183 3480960 1
3481737 3482514 1
3483291 3484068 1
3484845 3485622 1
3486399 3487176 1
3487953 3488730 1
3489507 3490284 1
3491061 3491838 1
3492615 3493392 1
3494169 3494946 1
3495723 3496500 1
3497277 3498054 1
3498831 3499608 1
3500385 3501162 1
3501939 3502716 1
3503493 3504270 1
3505047 3505824 1
3506601 3507378 1
3508155 3508932 1
3509709 3510486 1
3511263 3512040 1
3512817 3513594 1
3514371 3515148 1
3515925 3516702 1
3517479 3518256 1
3519033 3519810 1
3520587 3521364 1
3522141 3522918 1
3523695 3524472 1
3525249 3526026 1
3526803 3527580 1
3528357 3529134 1
3529911 3530688 1
3531465 3532242 1
3533019 3533796 1
3534573 3535350 1
3536127 3536904 1
3537681 3538458 1
3539235 3540012 1
3540789 3541566 1
3542343 3543120 1
3543897 3544674 1
3545451 3546228 1
3547005 3547782 1
3548559 3549336 1
3550113 3550890 1
3551667 3552444 1
3553221 3553998 1
3554775 3555552 1
3556329 3557106 1
3557883 3558660 1
3559437 3560214 1
3560991 3561768 1
3562545 3563322 1
3564099 3564876 1
3565653 3566430 1
3567207 3567984 1
3568761 3569538 1
3570315 3571092 1
3571869 3572646 1
3573423 3574200 1
3574977 3575754 1
3576531 3577308 1
3578085 3578862 1
3579639 3580416 1
3581193 3581970 1
3582747 3583524 1
3584301 3585078 1
3585855 3586632 1
3587409 3588186 1
3588963 3589740 1
3590517 3591294 1
3592071 3592848 1
3593625 3594402 1
3595179 3595956 1
3596733 3597510 1
3598287 3599064 1
3599841 3600618 1
3601395 3602172 1
3602949 3603726 1
3604503 3605280 1
3606057 3606834 1
3607611 3608388 1
3609165 3609942 1
3610719 3611496 1
3612273 3613050 1
3613827 3614604 1
3615381 3616158 1
3616935 3617712 1
3618489 3619266 1
3620043 3620820 1
3621597 3622374 1
3623151 3623928 1
3624705 3625482 1
3626259 3627036 1
3627813 3628590 1
3629367 3630144 1
3630921 3631698 1
3632475 3633252 1
3634029 3634806 1
3635583 3636360 1
3637137 3637914 1
3638691 3639468 1
3640245 3641022 1
3641799 3642576 1
3643353 3644130 1
3644907 3645684 1
3646461 3647238 1
3648015 3648792 1
3649569 3650346 1
3651123 3651900 1
3652677 3653454 1
3654231 3655008 1
3655785 3656562 1
3657339 3658116 1
3658893 3659670 1
3660447 3661224 1
3662001 3662778 1
3663555 3664332 1
3665109 3665886 1
3666663 3667440 1
3668217 3668994 1
3669771 3670548 1
3671325 3672102 1
3672879 3673656 1
3674433 3675210 1
3675987 3676764 1
3677541 3678318 1
3679095 3679872 1
3680649 3681426 1
3682203 3682980 1
3683757 3684534 1
3685311 3686088 1
3686865 3687642 1
3688419 3689196 1
3689973 3690750 1
3691527 3692304 1
3693081 3693858 1
3694635 3695412 1
3696189 3696966 1
3697743 3698520 1
3699297 3700074 1
3700851 3701628 1
3702405 3703182 1
3703959 3704736 1
3705513 3706290 1
3707067 3707844 1
3708621 3709398 1
3710175 3710952 1
3711729 3712506 1
3713283 3714060 1
3714837 3715614 1
3716391 3717168 1
3717945 3718722 1
3719499 3720276 1
3721053 3721830 1
3722607 3723384 1
3724161 3724938 1
3725715 3726492 1
3727269 3728046 1
3728823 3729600 1
3730377 3731154 1
3731931 3732708 1
3733485 3734262 1
3735039 3735816 1
3736593 3737370 1
3738147 3738924 1
3739701 3740478 1
3741255 3742032 1
3742809 3743586 1
3744363 3745140 1
3745917 3746694 1
3747471 3748248 1
3749025 3749802 1
3750579 3751356 1
3752133 3752910 1
3753687 3754464 1
3755241 3756018 1
3756795 3757572 1
3758349 3759126 1
3759903 3760680 1
3761457 3762234 1
3763011 3763788 1
3764565 3765342 1
3766119 3766896 1
3767673 3768450 1
3769227 3770004 1
3770781 3771558 1
3772335 3773112 1
3773889 3774666 1
3775443 3776220 1
3776997 3777774 1
3778551 3779328 1
3780105 3780882 1
3781659 3782436 1
3783213 3783990 1
3784767 3785544 1
3786321 3787098 1
3787875 3788652 1
3789429 3790206 1
3790983 3791760 1
3792537 3793314 1
3794091 3794868 1
3795645 3796422 1
3797199 3797976 1
3798753 3799530 1
3800307 3801084 1
3801861 3802638 1
3803415 3804192 1
3804969 3805746 1
3806523 3807300 1
3808077 3808854 1
3809631 3810408 1
3811185 3811962 1
3812739 3813516 1
3814293 3815070 1
3815847 3816624 1
3817401 3818178 1
3818955 3819732 1
3820509 3821286 1
3822063 3822840 1
3823617 3824394 1
3825171 3825948 1
3826725 3827502 1
3828279 3829056 1
3829833 3830610 1
3831387 3832164 1
3832941 3833718 1
3834495 3835272 1
3836049 3836826 1
3837603 3838380 1
3839157 3839934 1
3840711 3841488 1
3842265 3843042 1
3843819 3844596 1
3845373 3846150 1
3846927 3847704 1
3848481 3849258 1
3850035 3850812 1
3851589 3852366 1
3853143 3853920 1
3854697 3855474 1
3856251 3857028 1
3857805 3858582 1
3859359 3860136 1
3860913 3861690 1
3862467 3863244 1
3864021 3864798 1
3865575 3866352 1
3867129 3867906 1
3868683 3869460 1
3870237 3871014 1
3871791 3872568 1
3873345 3874122 1
3874899 3875676 1
3876453 3877230 1
3878007 3878784 1
3879561 3880338 1
3881115 3881892 1
3882669 3883446 1
3884223 3885000 1
3885777 3886554 1
3887331 3888108 1
3888885 3889662 1
3890439 3891216 1
3891993 3892770 1
3893547 3894324 1
3895101 3895878 1
3896655 3897432 1
3898209 3898986 1
3899763 3900540 1
3901317 3902094 1
3902871 3903648 1
3904425 3905202 1
3905979 3906756 1
3907533 3908310 1
3909087 3909864 1
3910641 3911418 1
3912195 3912972 1
3913749 3914526 1
3915303 3916080 1
3916857 3917634 1
3918411 3919188 1
3919965 3920742 1
3921519 3922296 1
3923073 3923850 1
3924627 3925404 1
3926181 3926958 1
3927735 3928512 1
3929289 3930066 1
3930843 3931620 1
3932397 3933174 1
3933951 3934728 1
3935505 3936282 1
3937059 3937836 1
3938613 3939390 1
3940167 3940944 1
3941721 3942498 1
3943275 3944052 1
3944829 3945606 1
3946383 3947160 1
3947937 3948714 1
3949491 3950268 1
3951045 3951822 1
3952599 3953376 1
3954153 3954930 1
3955707 3956484 1
3957261 3958038 1
3958815 3959592 1
3960369 3961146 1
3961923 3962700 1
3963477 3964254 1
3965031 3965808 1
3966585 3967362 1
3968139 3968916 1
3969693 3970470 1
3971247 3972024 1
3972801 3973578 1
3974355 3975132 1
3975909 3976686 1
3977463 3978240 1
3979017 3979794 1
3980571 3981348 1
3982125 3982902 1
3983679 3984456 1
3985233 3986010 1
3986787 3987564 1
3988341 3989118 1
3989895 3990672 1
3991449 3992226 1
3993003 3993780 1
3994557 3995334 1
3996111 3996888 1
3997665 3998442 1
3999219 3999996 1
4000773 4001550 1
4002327 4003104 1
4003881 4004658 1
4005435 4006212 1
4006989 4007766 1
4008543 4009320 1
4010097 4010874 1
4011651 4012428 1
4013205 4013982 1
4014759 4015536 1
4016313 4017090 1
4017867 4018644 1
4019421 4020198 1
4020975 4021752 1
4022529 4023306 1
4024083 4024860 1
4025637 4026414 1
4027191 4027968 1
4028745 4029522 1
4030299 4031076 1
4031853 4032630 1
4033407 4034184 1
4034961 4035738 1
4036515 4037292 1
4038069 4038846 1
4039623 4040400 1
4041177 4041954 1
4042731 4043508 1
4044285 4045062 1
4045839 4046616 1
4047393 4048170 1
4048947 4049724 1
4050501 4051278 1
4052055 4052832 1
4053609 4054386 1
4055163 4055940 1
4056717 4057494 1
4058271 4059048 1
4059825 4060602 1
4061379 4062156 1
4062933 4063710 1
4064487 4065264 1
4066041 4066818 1
4067595 4068372 1
4069149 4069926 1
4070703 4071480 1
4072257 4073034 1
4073811 4074588 1
4075365 4076142 1
4076919 4077696 1
4078473 4079250 1
4080027 4080804 1
4081581 4082358 1
4083135 4083912 1
4084689 4085466 1
4086243 4087020 1
4087797 4088574 1
4089351 4090128 1
4090905 4091682 1
4092459 4093236 1
4094013 4094790 1
4095567 4096344 1
4097121 4097898 1
4098675 4099452 1
4100229 4101006 1
4101783 4102560 1
4103337 4104114 1
4104891 4105668 1
4106445 4107222 1
4107999 4108776 1
4109553 4110330 1
4111107 4111884 1
4112661 4113438 1
4114215 4114992 1
4115769 4116546 1
4117323 4118100 1
4118877 4119654 1
4120431 4121208 1
4121985 4122762 1
4123539 4124316 1
4125093 4125870 1
4126647 4127424 1
4128201 4128978 1
4129755 4130532 1
4131309 4132086 1
4132863 4133640 1
4134417 4135194 1
4135971 4136748 1
4137525 4138302 1
4139079 4139856 1
4140633 4141410 1
4142187 4142964 1
4143741 4144518 1
4145295 4146072 1
4146849 4147626 1
4148403 4149180 1
4149957 4150734 1
4151511 4152288 1
4153065 4153842 1
4154619 4155396 1
4156173 4156950 1
4157727 4158504 1
4159281 4160058 1
4160835 4161612 1
4162389 4163166 1
4163943 4164720 1
4165497 4166274 1
4167051 4167828 1
4168605 4169382 1
4170159 4170936 1
4171713 4172490 1
4173267 4174044 1
4174821 4175598 1
4176375 4177152 1
4177929 4178706 1
4179483 4180260 1
4181037 4181814 1
4182591 4183368 1
4184145 4184922 1
4185699 4186476 1
4187253 4188030 1
4188807 4189584 1
4190361 4191138 1
4191915 4192692 1
4193469 4194246 1
4195023 4195800 1
4196577 4197354 1
4198131 4198908 1
4199685 4200462 1
4201239 4202016 1
4202793 4203570 1
4204347 4205124 1
4205901 4206678 1
4207455 4208232 1
4209009 4209786 1
4210563 4211340 1
4212117 4212894 1
4213671 4214448 1
4215225 4216002 1
4216779 4217556 1
4218333 4219110 1
4219887 4220664 1
4221441 4222218 1
4222995 4223772 1
4224549 4225326 1
4226103 4226880 1
4227657 4228434 1
4229211 4229988 1
4230765 4231542 1
4232319 4233096 1
4233873 4234650 1
4235427 4236204 1
4236981 4237758 1
4238535 4239312 1
4240089 4240866 1
4241643 4242420 1
4243197 4243974 1
4244751 4245528 1
4246305 4247082 1
4247859 4248636 1
4249413 4250190 1
4250967 4251744 1
4252521 4253298 1
4254075 4254852 1
4255629 4256406 1
4257183 4257960 1
4258737 4259514 1
4260291 4261068 1
4261845 4262622 1
4263399 4264176 1
4264953 4265730 1
4266507 4267284 1
4268061 4268838 1
4269615 4270392 1
4271169 4271946 1
4272723 4273500 1
4274277 4275054 1
4275831 4276608 1
4277385 4278162 1
4278939 4279716 1
4280493 4281270 1
4282047 4282824 1
4283601 4284378 1
4285155 4285932 1
4286709 4287486 1
4288263 4289040 1
4289817 4290594 1
4291371 4292148 1
4292925 4293702 1
4294479 4295256 1
4296033 4296810 1
4297587 4298364 1
4299141 4299918 1
4300695 4301472 1
4302249 4303026 1
4303803 4304580 1
4305357 4306134 1
4306911 4307688 1
4308465 4309242 1
4310019 4310796 1
4311573 4312350 1
4313127 4313904 1
4314681 4315458 1
4316235 4317012 1
4317789 4318566 1
4319343 4320120 1
4320897 4321674 1
4322451 4323228 1
4324005 4324782 1
4325559 4326336 1
4327113 4327890 1
4328667 4329444 1
4330221 4330998 1
4331775 4332552 1
4333329 4334106 1
4334883 4335660 1
4336437 4337214 1
4337991 4338768 1
4339545 4340322 1
4341099 4341876 1
4342653 4343430 1
4344207 4344984 1
4345761 4346538 1
4347315 4348092 1
4348869 4349646 1
4350423 4351200 1
4351977 4352754 1
4353531 4354308 1
4355085 4355862 1
4356639 4357416 1
4358193 4358970 1
4359747 4360524 1
4361301 4362078 1
4362855 4363632 1
4364409 4365186 1
4365963 4366740 1
4367517 4368294 1
4369071 4369848 1
4370625 4371402 1
4372179 4372956 1
4373733 4374510 1
4375287 4376064 1
4376841 4377618 1
4378395 4379172 1
4379949 4380726 1
4381503 4382280 1
4383057 4383834 1
4384611 4385388 1
4386165 4386942 1
4387719 4388496 1
4389273 4390050 1
4390827 4391604 1
4392381 4393158 1
4393935 4394712 1
4395489 4396266 1
4397043 4397820 1
4398597 4399374 1
4400151 4400928 1
4401705 4402482 1
4403259 4404036 1
4404813 4405590 1
4406367 4407144 1
4407921 4408698 1
4409475 4410252 1
4411029 4411806 1
4412583 4413360 1
4414137 4414914 1
4415691 4416468 1
4417245 4418022 1
4418799 4419576 1
4420353 4421130 1
4421907 4422684 1
4423461 4424238 1
4425015 4425792 1
4426569 4427346 1
4428123 4428900 1
4429677 4430454 1
4431231 4432008 1
4432785 4433562 1
4434339 4435116 1
4435893 4436670 1
4437447 4438224 1
4439001 4439778 1
4440555 4441332 1
4442109 4442886 1
4443663 4444440 1
4445217 4445994 1
4446771 4447548 1
4448325 4449102 1
4449879 4450656 1
4451433 4452210 1
4452987 4453764 1
4454541 4455318 1
4456095 4456872 1
4457649 4458426 1
4459203 4459980 1
4460757 4461534 1
4462311 4463088 1
4463865 4464642 1
4465419 4466196 1
4466973 4467750 1
4468527 4469304 1
4470081 4470858 1
4471635 4472412 1
4473189 4473966 1
4474743 4475520 1
4476297 4477074 1
4477851 4478628 1
4479405 4480182 1
4480959 4481736 1
4482513 4483290 1
4484067 4484844 1
4485621 4486398 1
4487175 4487952 1
4488729 4489506 1
4490283 4491060 1
4491837 4492614 1
4493391 4494168 1
4494945 4495722 1
4496499 4497276 1
4498053 4498830 1
4499607 4500384 1
4501161 4501938 1
4502715 4503492 1
4504269 4505046 1
4505823 4506600 1
4507377 4508154 1
4508931 4509708 1
4510485 4511262 1
4512039 4512816 1
4513593 4514370 1
4515147 4515924 1
4516701 4517478 1
4518255 4519032 1
4519809 4520586 1
4521363 4522140 1
4522917 4523694 1
4524471 4525248 1
4526025 4526802 1
4527579 4528356 1
4529133 4529910 1
4530687 4531464 1
4532241 4533018 1
4533795 4534572 1
4535349 4536126 1
4536903 4537680 1
4538457 4539234 1
4540011 4540788 1
4541565 4542342 1
4543119 4543896 1
4544673 4545450 1
4546227 4547004 1
4547781 4548558 1
4549335 4550112 1
4550889 4551666 1
4552443 4553220 1
4553997 4554774 1
4555551 4556328 1
4557105 4557882 1
4558659 4559436 1
4560213 4560990 1
4561767 4562544 1
4563321 4564098 1
4564875 4565652 1
4566429 4567206 1
4567983 4568760 1
4569537 4570314 1
4571091 4571868 1
4572645 4573422 1
4574199 4574976 1
4575753 4576530 1
4577307 4578084 1
4578861 4579638 1
4580415 4581192 1
4581969 4582746 1
4583523 4584300 1
4585077 4585854 1
4586631 4587408 1
4588185 4588962 1
4589739 4590516 1
4591293 4592070 1
4592847 4593624 1
4594401 4595178 1
4595955 4596732 1
4597509 4598286 1
4599063 4599840 1
4600617 4601394 1
4602171 4602948 1
4603725 4604502 1
4605279 4606056 1
4606833 4607610 1
4608387 4609164 1
4609941 4610718 1
4611495 4612272 1
4613049 4613826 1
4614603 4615380 1
4616157 4616934 1
4617711 4618488 1
4619265 4620042 1
4620819 4621596 1
4622373 4623150 1
4623927 4624704 1
4625481 4626258 1
4627035 4627812 1
4628589 4629366 1
4630143 4630920 1
4631697 4632474 1
4633251 4634028 1
4634805 4635582 1
4636359 4637136 1
4637913 4638690 1
4639467 4640244 1
4641021 4641798 1
4642575 4643352 1
4644129 4644906 1
4645683 4646460 1
4647237 4648014 1
4648791 4649568 1
4650345 4651122 1
4651899 4652676 1
4653453 4654230 1
4655007 4655784 1
4656561 4657338 1
4658115 4658892 1
4659669 4660446 1
4661223 4662000 1
4662777 4663554 1
4664331 4665108 1
4665885 4666662 1
4667439 4668216 1
4668993 4669770 1
4670547 4671324 1
4672101 4672878 1
4673655 4674432 1
4675209 4675986 1
4676763 4677540 1
4678317 4679094 1
4679871 4680648 1
4681425 4682202 1
4682979 4683756 1
4684533 4685310 1
4686087 4686864 1
4687641 4688418 1
4689195 4689972 1
4690749 4691526 1
4692303 4693080 1
4693857 4694634 1
4695411 4696188 1
4696965 4697742 1
4698519 4699296 1
4700073 4700850 1
4701627 4702404 1
4703181 4703958 1
4704735 4705512 1
4706289 4707066 1
4707843 4708620 1
4709397 4710174 1
4710951 4711728 1
4712505 4713282 1
4714059 4714836 1
4715613 4716390 1
4717167 4717944 1
4718721 4719498 1
4720275 4721052 1
4721829 4722606 1
4723383 4724160 1
4724937 4725714 1
4726491 4727268 1
4728045 4728822 1
4729599 4730376 1
4731153 4731930 1
4732707 4733484 1
4734261 4735038 1
4735815 4736592 1
4737369 4738146 1
4738923 4739700 1
4740477 4741254 1
4742031 4742808 1
4743585 4744362 1
4745139 4745916 1
4746693 4747470 1
4748247 4749024 1
4749801 4750578 1
4751355 4752132 1
4752909 4753686 1
4754463 4755240 1
4756017 4756794 1
4757571 4758348 1
4759125 4759902 1
4760679 4761456 1
4762233 4763010 1
4763787 4764564 1
4765341 4766118 1
4766895 4767672 1
4768449 4769226 1
4770003 4770780 1
4771557 4772334 1
4773111 4773888 1
4774665 4775442 1
4776219 4776996 1
4777773 4778550 1
4779327 4780104 1
4780881 4781658 1
4782435 4783212 1
4783989 4784766 1
4785543 4786320 1
4787097 4787874 1
4788651 4789428 1
4790205 4790982 1
4791759 4792536 1
4793313 4794090 1
4794867 4795644 1
4796421 4797198 1
4797975 4798752 1
4799529 4800306 1
4801083 4801860 1
4802637 4803414 1
4804191 4804968 1
4805745 4806522 1
4807299 4808076 1
4808853 4809630 1
4810407 4811184 1
4811961 4812738 1
4813515 4814292 1
4815069 4815846 1
4816623 4817400 1
4818177 4818954 1
4819731 4820508 1
4821285 4822062 1
4822839 4823616 1
4824393 4825170 1
4825947 4826724 1
4827501 4828278 1
4829055 4829832 1
4830609 4831386 1
4832163 4832940 1
4833717 4834494 1
4835271 4836048 1
4836825 4837602 1
4838379 4839156 1
4839933 4840710 1
4841487 4842264 1
4843041 4843818 1
4844595 4845372 1
4846149 4846926 1
4847703 4848480 1
4849257 4850034 1
4850811 4851588 1
4852365 4853142 1
4853919 4854696 1
4855473 4856250 1
4857027 4857804 1
4858581 4859358 1
4860135 4860912 1
4861689 4862466 1
4863243 4864020 1
4864797 4865574 1
4866351 4867128 1
4867905 4868682 1
4869459 4870236 1
4871013 4871790 1
4872567 4873344 1
4874121 4874898 1
4875675 4876452 1
4877229 4878006 1
4878783 4879560 1
4880337 4881114 1
4881891 4882668 1
4883445 4884222 1
4884999 4885776 1
4886553 4887330 1
4888107 4888884 1
4889661 4890438 1
4891215 4891992 1
4892769 4893546 1
4894323 4895100 1
4895877 4896654 1
4897431 4898208 1
4898985 4899762 1
4900539 4901316 1
4902093 4902870 1
4903647 4904424 1
4905201 4905978 1
4906755 4907532 1
4908309 4909086 1
4909863 4910640 1
4911417 4912194 1
4912971 4913748 1
4914525 4915302 1
4916079 4916856 1
4917633 4918410 1
4919187 4919964 1
4920741 4921518 1
4922295 4923072 1
4923849 4924626 1
4925403 4926180 1
4926957 4927734 1
4928511 4929288 1
4930065 4930842 1
4931619 4932396 1
4933173 4933950 1
4934727 4935504 1
4936281 4937058 1
4937835 4938612 1
4939389 4940166 1
4940943 4941720 1
4942497 4943274 1
4944051 4944828 1
4945605 4946382 1
4947159 4947936 1
4948713 4949490 1
4950267 4951044 1
4951821 4952598 1
4953375 4954152 1
4954929 4955706 1
4956483 4957260 1
4958037 4958814 1
4959591 4960368 1
4961145 4961922 1
4962699 4963476 1
4964253 4965030 1
4965807 4966584 1
4967361 4968138 1
4968915 4969692 1
4970469 4971246 1
4972023 4972800 1
4973577 4974354 1
4975131 4975908 1
4976685 4977462 1
4978239 4979016 1
4979793 4980570 1
4981347 4982124 1
4982901 4983678 1
4984455 4985232 1
4986009 4986786 1
4987563 4988340 1
4989117 4989894 1
4990671 4991448 1
4992225 4993002 1
4993779 4994556 1
4995333 4996110 1
4996887 4997664 1
4998441 4999218 1
4999995 5000772 1
5001549 5002326 1
5003103 5003880 1
5004657 5005434 1
5006211 5006988 1
5007765 5008542 1
5009319 5010096 1
5010873 5011650 1
5012427 5013204 1
5013981 5014758 1
5015535 5016312 1
5017089 5017866 1
5018643 5019420 1
5020197 5020974 1
5021751 5022528 1
5023305 5024082 1
5024859 5025636 1
5026413 5027190 1
5027967 5028744 1
5029521 5030298 1
5031075 5031852 1
5032629 5033406 1
5034183 5034960 1
5035737 5036514 1
5037291 5038068 1
5038845 5039622 1
5040399 5041176 1
5041953 5042730 1
5043507 5044284 1
5045061 5045838 1
5046615 5047392 1
5048169 5048946 1
5049723 5050500 1
5051277 5052054 1
5052831 5053608 1
5054385 5055162 1
5055939 5056716 1
5057493 5058270 1
5059047 5059824 1
5060601 5061378 1
5062155 5062932 1
5063709 5064486 1
5065263 5066040 1
5066817 5067594 1
5068371 5069148 1
5069925 5070702 1
5071479 5072256 1
5073033 5073810 1
5074587 5075364 1
5076141 5076918 1
5077695 5078472 1
5079249 5080026 1
5080803 5081580 1
5082357 5083134 1
5083911 5084688 1
5085465 5086242 1
5087019 5087796 1
5088573 5089350 1
5090127 5090904 1
5091681 5092458 1
5093235 5094012 1
5094789 5095566 1
5096343 5097120 1
5097897 5098674 1
5099451 5100228 1
5101005 5101782 1
5102559 5103336 1
5104113 5104890 1
5105667 5106444 1
5107221 5107998 1
5108775 5109552 1
5110329 5111106 1
5111883 5112660 1
5113437 5114214 1
5114991 5115768 1
5116545 5117322 1
5118099 5118876 1
5119653 5120430 1
5121207 5121984 1
5122761 5123538 1
5124315 5125092 1
5125869 5126646 1
5127423 5128200 1
5128977 5129754 1
5130531 5131308 1
5132085 5132862 1
5133639 5134416 1
5135193 5135970 1
5136747 5137524 1
5138301 5139078 1
5139855 5140632 1
5141409 5142186 1
5142963 5143740 1
5144517 5145294 1
5146071 5146848 1
5147625 5148402 1
5149179 5149956 1
5150733 5151510 1
5152287 5153064 1
5153841 5154618 1
5155395 5156172 1
5156949 5157726 1
5158503 5159280 1
5160057 5160834 1
5161611 5162388 1
5163165 5163942 1
5164719 5165496 1
5166273 5167050 1
5167827 5168604 1
5169381 5170158 1
5170935 5171712 1
5172489 5173266 1
5174043 5174820 1
5175597 5176374 1
5177151 5177928 1
5178705 5179482 1
5180259 5181036 1
5181813 5182590 1
5183367 5184144 1
5184921 5185698 1
5186475 5187252 1
5188029 5188806 1
5189583 5190360 1
5191137 5191914 1
5192691 5193468 1
5194245 5195022 1
5195799 5196576 1
5197353 5198130 1
5198907 5199684 1
5200461 5201238 1
5202015 5202792 1
5203569 5204346 1
5205123 5205900 1
5206677 5207454 1
5208231 5209008 1
5209785 5210562 1
5211339 5212116 1
5212893 5213670 1
5214447 5215224 1
5216001 5216778 1
5217555 5218332 1
5219109 5219886 1
5220663 5221440 1
5222217 5222994 1
5223771 5224548 1
5225325 5226102 1
5226879 5227656 1
5228433 5229210 1
5229987 5230764 1
5231541 5232318 1
5233095 5233872 1
5234649 5235426 1
5236203 5236980 1
5237757 5238534 1
5239311 5240088 1
5240865 5241642 1
5242419 5243196 1
5243973 5244750 1
5245527 5246304 1
5247081 5247858 1
5248635 5249412 1
5250189 5250966 1
5251743 5252520 1
5253297 5254074 1
5254851 5255628 1
5256405 5257182 1
5257959 5258736 1
5259513 5260290 1
5261067 5261844 1
5262621 5263398 1
5264175 5264952 1
5265729 5266506 1
5267283 5268060 1
5268837 5269614 1
5270391 5271168 1
5271945 5272722 1
5273499 5274276 1
5275053 5275830 1
5276607 5277384 1
5278161 5278938 1
5279715 5280492 1
5281269 5282046 1
5282823 5283600 1
5284377 5285154 1
5285931 5286708 1
5287485 5288262 1
5289039 5289816 1
5290593 5291370 1
5292147 5292924 1
5293701 5294478 1
5295255 5296032 1
5296809 5297586 1
5298363 5299140 1
5299917 5300694 1
5301471 5302248 1
5303025 5303802 1
5304579 5305356 1
5306133 5306910 1
5307687 5308464 1
5309241 5310018 1
5310795 5311572 1
5312349 5313126 1
5313903 5314680 1
5315457 5316234 1
5317011 5317788 1
5318565 5319342 1
5320119 5320896 1
5321673 5322450 1
5323227 5324004 1
5324781 5325558 1
5326335 5327112 1
5327889 5328666 1
5329443 5330220 1
5330997 5331774 1
5332551 5333328 1
5334105 5334882 1
5335659 5336436 1
5337213 5337990 1
5338767 5339544 1
5340321 5341098 1
5341875 5342652 1
5343429 5344206 1
5344983 5345760 1
5346537 5347314 1
5348091 5348868 1
5349645 5350422 1
5351199 5351976 1
5352753 5353530 1
5354307 5355084 1
5355861 5356638 1
5357415 5358192 1
5358969 5359746 1
5360523 5361300 1
5362077 5362854 1
5363631 5364408 1
5365185 5365962 1
5366739 5367516 1
5368293 5369070 1
5369847 5370624 1
5371401 5372178 1
5372955 5373732 1
5374509 5375286 1
5376063 5376840 1
5377617 5378394 1
5379171 5379948 1
5380725 5381502 1
5382279 5383056 1
5383833 5384610 1
5385387 5386164 1
5386941 5387718 1
5388495 5389272 1
5390049 5390826 1
5391603 5392380 1
5393157 5393934 1
5394711 5395488 1
5396265 5397042 1
5397819 5398596 1
5399373 5400150 1
5400927 5401704 1
5402481 5403258 1
5404035 5404812 1
5405589 5406366 1
5407143 5407920 1
5408697 5409474 1
5410251 5411028 1
5411805 5412582 1
5413359 5414136 1
5414913 5415690 1
5416467 5417244 1
5418021 5418798 1
5419575 5420352 1
5421129 5421906 1
5422683 5423460 1
5424237 5425014 1
5425791 5426568 1
5427345 5428122 1
5428899 5429676 1
5430453 5431230 1
5432007 5432784 1
5433561 5434338 1
5435115 5435892 1
5436669 5437446 1
5438223 5439000 1
5439777 5440554 1
5441331 5442108 1
5442885 5443662 1
5444439 5445216 1
5445993 5446770 1
5447547 5448324 1
5449101 5449878 1
5450655 5451432 1
5452209 5452986 1
5453763 5454540 1
5455317 5456094 1
5456871 5457648 1
5458425 5459202 1
5459979 5460756 1
5461533 5462310 1
5463087 5463864 1
5464641 5465418 1
5466195 5466972 1
5467749 5468526 1
5469303 5470080 1
5470857 5471634 1
5472411 5473188 1
5473965 5474742 1
5475519 5476296 1
5477073 5477850 1
5478627 5479404 1
5480181 5480958 1
5481735 5482512 1
5483289 5484066 1
5484843 5485620 1
5486397 5487174 1
5487951 5488728 1
5489505 5490282 1
5491059 5491836 1
5492613 5493390 1
5494167 5494944 1
5495721 5496498 1
5497275 5498052 1
5498829 5499606 1
5500383 5501160 1
5501937 5502714 1
5503491 5504268 1
5505045 5505822 1
5506599 5507376 1
5508153 5508930 1
5509707 5510484 1
5511261 5512038 1
5512815 5513592 1
5514369 5515146 1
5515923 5516700 1
5517477 5518254 1
5519031 5519808 1
5520585 5521362 1
5522139 5522916 1
5523693 5524470 1
5525247 5526024 1
5526801 5527578 1
5528355 5529132 1
5529909 5530686 1
5531463 5532240 1
5533017 5533794 1
5534571 5535348 1
5536125 5536902 1
5537679 5538456 1
5539233 5540010 1
5540787 5541564 1
5542341 5543118 1
5543895 5544672 1
5545449 5546226 1
5547003 5547780 1
5548557 5549334 1
5550111 5550888 1
5551665 5552442 1
5553219 5553996 1
5554773 5555550 1
5556327 5557104 1
5557881 5558658 1
5559435 5560212 1
5560989 5561766 1
5562543 5563320 1
5564097 5564874 1
5565651 5566428 1
5567205 5567982 1
5568759 5569536 1
5570313 5571090 1
5571867 5572644 1
5573421 5574198 1
5574975 5575752 1
5576529 5577306 1
5578083 5578860 1
5579637 5580414 1
5581191 5581968 1
5582745 5583522 1
5584299 5585076 1
5585853 5586630 1
5587407 5588184 1
5588961 5589738 1
5590515 5591292 1
5592069 5592846 1
5593623 5594400 1
5595177 5595954 1
5596731 5597508 1
5598285 5599062 1
5599839 5600616 1
5601393 5602170 1
5602947 5603724 1
5604501 5605278 1
5606055 5606832 1
5607609 5608386 1
5609163 5609940 1
5610717 5611494 1
5612271 5613048 1
5613825 5614602 1
5615379 5616156 1
5616933 5617710 1
5618487 5619264 1
5620041 5620818 1
5621595 5622372 1
5623149 5623926 1
5624703 5625480 1
5626257 5627034 1
5627811 5628588 1
5629365 5630142 1
5630919 5631696 1
5632473 5633250 1
5634027 5634804 1
5635581 5636358 1
5637135 5637912 1
5638689 5639466 1
5640243 5641020 1
5641797 5642574 1
5643351 5644128 1
5644905 5645682 1
5646459 5647236 1
5648013 5648790 1
5649567 5650344 1
5651121 5651898 1
5652675 5653452 1
5654229 5655006 1
5655783 5656560 1
5657337 5658114 1
5658891 5659668 1
5660445 5661222 1
5661999 5662776 1
5663553 5664330 1
5665107 5665884 1
5666661 5667438 1
5668215 5668992 1
5669769 5670546 1
5671323 5672100 1
5672877 5673654 1
5674431 5675208 1
5675985 5676762 1
5677539 5678316 1
5679093 5679870 1
5680647 5681424 1
5682201 5682978 1
5683755 5684532 1
5685309 5686086 1
5686863 5687640 1
5688417 5689194 1
5689971 5690748 1
5691525 5692302 1
5693079 5693856 1
5694633 5695410 1
5696187 5696964 1
5697741 5698518 1
5699295 5700072 1
5700849 5701626 1
5702403 5703180 1
5703957 5704734 1
5705511 5706288 1
5707065 5707842 1
5708619 5709396 1
5710173 5710950 1
5711727 5712504 1
5713281 5714058 1
5714835 5715612 1
5716389 5717166 1
5717943 5718720 1
5719497 5720274 1
5721051 5721828 1
5722605 5723382 1
5724159 5724936 1
5725713 5726490 1
5727267 5728044 1
5728821 5729598 1
5730375 5731152 1
5731929 5732706 1
5733483 5734260 1
5735037 5735814 1
5736591 5737368 1
5738145 5738922 1
5739699 5740476 1
5741253 5742030 1
5742807 5743584 1
5744361 5745138 1
5745915 5746692 1
5747469 5748246 1
5749023 5749800 1
5750577 5751354 1
5752131 5752908 1
5753685 5754462 1
5755239 5756016 1
5756793 5757570 1
5758347 5759124 1
5759901 5760678 1
5761455 5762232 1
5763009 5763786 1
5764563 5765340 1
5766117 5766894 1
5767671 5768448 1
5769225 5770002 1
5770779 5771556 1
5772333 5773110 1
5773887 5774664 1
5775441 5776218 1
5776995 5777772 1
5778549 5779326 1
5780103 5780880 1
5781657 5782434 1
5783211 5783988 1
5784765 5785542 1
5786319 5787096 1
5787873 5788650 1
5789427 5790204 1
5790981 5791758 1
5792535 5793312 1
5794089 5794866 1
5795643 5796420 1
5797197 5797974 1
5798751 5799528 1
5800305 5801082 1
5801859 5802636 1
5803413 5804190 1
5804967 5805744 1
5806521 5807298 1
5808075 5808852 1
5809629 5810406 1
5811183 5811960 1
5812737 5813514 1
5814291 5815068 1
5815845 5816622 1
5817399 5818176 1
5818953 5819730 1
5820507 5821284 1
5822061 5822838 1
5823615 5824392 1
5825169 5825946 1
5826723 5827500 1
5828277 5829054 1
5829831 5830608 1
5831385 5832162 1
5832939 5833716 1
5834493 5835270 1
5836047 5836824 1
5837601 5838378 1
5839155 5839932 1
5840709 5841486 1
5842263 5843040 1
5843817 5844594 1
5845371 5846148 1
5846925 5847702 1
5848479 5849256 1
5850033 5850810 1
5851587 5852364 1
5853141 5853918 1
5854695 5855472 1
5856249 5857026 1
5857803 5858580 1
5859357 5860134 1
5860911 5861688 1
5862465 5863242 1
5864019 5864796 1
5865573 5866350 1
5867127 5867904 1
5868681 5869458 1
5870235 5871012 1
5871789 5872566 1
5873343 5874120 1
5874897 5875674 1
5876451 5877228 1
5878005 5878782 1
5879559 5880336 1
5881113 5881890 1
5882667 5883444 1
5884221 5884998 1
5885775 5886552 1
5887329 5888106 1
5888883 5889660 1
5890437 5891214 1
5891991 5892768 1
5893545 5894322 1
5895099 5895876 1
5896653 5897430 1
5898207 5898984 1
5899761 5900538 1
5901315 5902092 1
5902869 5903646 1
5904423 5905200 1
5905977 5906754 1
5907531 5908308 1
5909085 5909862 1
5910639 5911416 1
5912193 5912970 1
5913747 5914524 1
5915301 5916078 1
5916855 5917632 1
5918409 5919186 1
5919963 5920740 1
5921517 5922294 1
5923071 5923848 1
5924625 5925402 1
5926179 5926956 1
5927733 5928510 1
5929287 5930064 1
5930841 5931618 1
5932395 5933172 1
5933949 5934726 1
5935503 5936280 1
5937057 5937834 1
5938611 5939388 1
5940165 5940942 1
5941719 5942496 1
5943273 5944050 1
5944827 5945604 1
5946381 5947158 1
5947935 5948712 1
5949489 5950266 1
5951043 5951820 1
5952597 5953374 1
5954151 5954928 1
5955705 5956482 1
5957259 5958036 1
5958813 5959590 1
5960367 5961144 1
5961921 5962698 1
5963475 5964252 1
5965029 5965806 1
5966583 5967360 1
5968137 5968914 1
5969691 5970468 1
5971245 5972022 1
5972799 5973576 1
5974353 5975130 1
5975907 5976684 1
5977461 5978238 1
5979015 5979792 1
5980569 5981346 1
5982123 5982900 1
5983677 5984454 1
5985231 5986008 1
5986785 5987562 1
5988339 5989116 1
5989893 5990670 1
5991447 5992224 1
5993001 5993778 1
5994555 5995332 1
5996109 5996886 1
5997663 5998440 1
5999217 5999994 1
6000771 6001548 1
6002325 6003102 1
6003879 6004656 1
6005433 6006210 1
6006987 6007764 1
6008541 6009318 1
6010095 6010872 1
6011649 6012426 1
6013203 6013980 1
6014757 6015534 1
6016311 6017088 1
6017865 6018642 1
6019419 6020196 1
6020973 6021750 1
6022527 6023304 1
6024081 6024858 1
6025635 6026412 1
6027189 6027966 1
6028743 6029520 1
6030297 6031074 1
6031851 6032628 1
6033405 6034182 1
6034959 6035736 1
6036513 6037290 1
6038067 6038844 1
6039621 6040398 1
6041175 6041952 1
6042729 6043506 1
6044283 6045060 1
6045837 6046614 1
6047391 6048168 1
6048945 6049722 1
6050499 6051276 1
6052053 6052830 1
6053607 6054384 1
6055161 6055938 1
6056715 6057492 1
6058269 6059046 1
6059823 6060600 1
6061377 6062154 1
6062931 6063708 1
6064485 6065262 1
6066039 6066816 1
6067593 6068370 1
6069147 6069924 1
6070701 6071478 1
6072255 6073032 1
6073809 6074586 1
6075363 6076140 1
6076917 6077694 1
6078471 6079248 1
6080025 6080802 1
6081579 6082356 1
6083133 6083910 1
6084687 6085464 1
6086241 6087018 1
6087795 6088572 1
6089349 6090126 1
6090903 6091680 1
6092457 6093234 1
6094011 6094788 1
6095565 6096342 1
6097119 6097896 1
6098673 6099450 1
6100227 6101004 1
6101781 6102558 1
6103335 6104112 1
6104889 6105666 1
6106443 6107220 1
6107997 6108774 1
6109551 6110328 1
6111105 6111882 1
6112659 6113436 1
6114213 6114990 1
6115767 6116544 1
6117321 6118098 1
6118875 6119652 1
6120429 6121206 1
6121983 6122760 1
6123537 6124314 1
6125091 6125868 1
6126645 6127422 1
6128199 6128976 1
6129753 6130530 1
6131307 6132084 1
6132861 6133638 1
6134415 6135192 1
6135969 6136746 1
6137523 6138300 1
6139077 6139854 1
6140631 6141408 1
6142185 6142962 1
6143739 6144516 1
6145293 6146070 1
6146847 6147624 1
6148401 6149178 1
6149955 6150732 1
6151509 6152286 1
6153063 6153840 1
6154617 6155394 1
6156171 6156948 1
6157725 6158502 1
6159279 6160056 1
6160833 6161610 1
6162387 6163164 1
6163941 6164718 1
6165495 6166272 1
6167049 6167826 1
6168603 6169380 1
6170157 6170934 1
6171711 6172488 1
6173265 6174042 1
6174819 6175596 1
6176373 6177150 1
6177927 6178704 1
6179481 6180258 1
6181035 6181812 1
6182589 6183366 1
6184143 6184920 1
6185697 6186474 1
6187251 6188028 1
6188805 6189582 1
6190359 6191136 1
6191913 6192690 1
6193467 6194244 1
6195021 6195798 1
6196575 6197352 1
6198129 6198906 1
6199683 6200460 1
6201237 6202014 1
6202791 6203568 1
6204345 6205122 1
6205899 6206676 1
6207453 6208230 1
6209007 6209784 1
6210561 6211338 1
6212115 6212892 1
6213669 6214446 1
6215223 6216000 1
6216777 6217554 1
6218331 6219108 1
6219885 6220662 1
6221439 6222216 1
6222993 6223770 1
6224547 6225324 1
6226101 6226878 1
6227655 6228432 1
6229209 6229986 1
6230763 6231540 1
6232317 6233094 1
6233871 6234648 1
6235425 6236202 1
6236979 6237756 1
6238533 6239310 1
6240087 6240864 1
6241641 6242418 1
6243195 6243972 1
6244749 6245526 1
6246303 6247080 1
6247857 6248634 1
6249411 6250188 1
6250965 6251742 1
6252519 6253296 1
6254073 6254850 1
6255627 6256404 1
6257181 6257958 1
6258735 6259512 1
6260289 6261066 1
6261843 6262620 1
6263397 6264174 1
6264951 6265728 1
6266505 6267282 1
6268059 6268836 1
6269613 6270390 1
6271167 6271944 1
6272721 6273498 1
6274275 6275052 1
6275829 6276606 1
6277383 6278160 1
6278937 6279714 1
6280491 6281268 1
6282045 6282822 1
6283599 6284376 1
6285153 6285930 1
6286707 6287484 1
6288261 6289038 1
6289815 6290592 1
6291369 6292146 1
6292923 6293700 1
6294477 6295254 1
6296031 6296808 1
6297585 6298362 1
6299139 6299916 1
6300693 6301470 1
6302247 6303024 1
6303801 6304578 1
6305355 6306132 1
6306909 6307686 1
6308463 6309240 1
6310017 6310794 1
6311571 6312348 1
6313125 6313902 1
6314679 6315456 1
6316233 6317010 1
6317787 6318564 1
6319341 6320118 1
6320895 6321672 1
6322449 6323226 1
6324003 6324780 1
6325557 6326334 1
6327111 6327888 1
6328665 6329442 1
6330219 6330996 1
6331773 6332550 1
6333327 6334104 1
6334881 6335658 1
6336435 6337212 1
6337989 6338766 1
6339543 6340320 1
6341097 6341874 1
6342651 6343428 1
6344205 6344982 1
6345759 6346536 1
6347313 6348090 1
6348867 6349644 1
6350421 6351198 1
6351975 6352752 1
6353529 6354306 1
6355083 6355860 1
6356637 6357414 1
6358191 6358968 1
6359745 6360522 1
6361299 6362076 1
6362853 6363630 1
6364407 6365184 1
6365961 6366738 1
6367515 6368292 1
6369069 6369846 1
6370623 6371400 1
6372177 6372954 1
6373731 6374508 1
6375285 6376062 1
6376839 6377616 1
6378393 6379170 1
6379947 6380724 1
6381501 6382278 1
6383055 6383832 1
6384609 6385386 1
6386163 6386940 1
6387717 6388494 1
6389271 6390048 1
6390825 6391602 1
6392379 6393156 1
6393933 6394710 1
6395487 6396264 1
6397041 6397818 1
6398595 6399372 1
6400149 6400926 1
6401703 6402480 1
6403257 6404034 1
6404811 6405588 1
6406365 6407142 1
6407919 6408696 1
6409473 6410250 1
6411027 6411804 1
6412581 6413358 1
6414135 6414912 1
6415689 6416466 1
6417243 6418020 1
6418797 6419574 1
6420351 6421128 1
6421905 6422682 1
6423459 6424236 1
6425013 6425790 1
6426567 6427344 1
6428121 6428898 1
6429675 6430452 1
6431229 6432006 1
6432783 6433560 1
6434337 6435114 1
6435891 6436668 1
6437445 6438222 1
6438999 6439776 1
6440553 6441330 1
6442107 6442884 1
6443661 6444438 1
6445215 6445992 1
6446769 6447546 1
6448323 6449100 1
6449877 6450654 1
6451431 6452208 1
6452985 6453762 1
6454539 6455316 1
6456093 6456870 1
6457647 6458424 1
6459201 6459978 1
6460755 6461532 1
6462309 6463086 1
6463863 6464640 1
6465417 6466194 1
6466971 6467748 1
6468525 6469302 1
6470079 6470856 1
6471633 6472410 1
6473187 6473964 1
6474741 6475518 1
6476295 6477072 1
6477849 6478626 1
6479403 6480180 1
6480957 6481734 1
6482511 6483288 1
6484065 6484842 1
6485619 6486396 1
6487173 6487950 1
6488727 6489504 1
6490281 6491058 1
6491835 6492612 1
6493389 6494166 1
6494943 6495720 1
6496497 6497274 1
6498051 6498828 1
6499605 6500382 1
6501159 6501936 1
6502713 6503490 1
6504267 6505044 1
6505821 6506598 1
6507375 6508152 1
6508929 6509706 1
6510483 6511260 1
6512037 6512814 1
6513591 6514368 1
6515145 6515922 1
6516699 6517476 1
6518253 6519030 1
6519807 6520584 1
6521361 6522138 1
6522915 6523692 1
6524469 6525246 1
6526023 6526800 1
6527577 6528354 1
6529131 6529908 1
6530685 6531462 1
6532239 6533016 1
6533793 6534570 1
6535347 6536124 1
6536901 6537678 1
6538455 6539232 1
6540009 6540786 1
6541563 6542340 1
6543117 6543894 1
6544671 6545448 1
6546225 6547002 1
6547779 6548556 1
6549333 6550110 1
6550887 6551664 1
6552441 6553218 1
6553995 6554772 1
6555549 6556326 1
6557103 6557880 1
6558657 6559434 1
6560211 6560988 1
6561765 6562542 1
6563319 6564096 1
6564873 6565650 1
6566427 6567204 1
6567981 6568758 1
6569535 6570312 1
6571089 6571866 1
6572643 6573420 1
6574197 6574974 1
6575751 6576528 1
6577305 6578082 1
6578859 6579636 1
6580413 6581190 1
6581967 6582744 1
6583521 6584298 1
6585075 6585852 1
6586629 6587406 1
6588183 6588960 1
6589737 6590514 1
6591291 6592068 1
6592845 6593622 1
6594399 6595176 1
6595953 6596730 1
6597507 6598284 1
6599061 6599838 1
6600615 6601392 1
6602169 6602946 1
6603723 6604500 1
6605277 6606054 1
6606831 6607608 1
6608385 6609162 1
6609939 6610716 1
6611493 6612270 1
6613047 6613824 1
6614601 6615378 1
6616155 6616932 1
6617709 6618486 1
6619263 6620040 1
6620817 6621594 1
6622371 6623148 1
6623925 6624702 1
6625479 6626256 1
6627033 6627810 1
6628587 6629364 1
6630141 6630918 1
6631695 6632472 1
6633249 6634026 1
6634803 6635580 1
6636357 6637134 1
6637911 6638688 1
6639465 6640242 1
6641019 6641796 1
6642573 6643350 1
6644127 6644904 1
6645681 6646458 1
6647235 6648012 1
6648789 6649566 1
6650343 6651120 1
6651897 6652674 1
6653451 6654228 1
6655005 6655782 1
6656559 6657336 1
6658113 6658890 1
6659667 6660444 1
6661221 6661998 1
6662775 6663552 1
6664329 6665106 1
6665883 6666660 1
6667437 6668214 1
6668991 6669768 1
6670545 6671322 1
6672099 6672876 1
6673653 6674430 1
6675207 6675984 1
6676761 6677538 1
6678315 6679092 1
6679869 6680646 1
6681423 6682200 1
6682977 6683754 1
6684531 6685308 1
6686085 6686862 1
6687639 6688416 1
6689193 6689970 1
6690747 6691524 1
6692301 6693078 1
6693855 6694632 1
6695409 6696186 1
6696963 6697740 1
6698517 6699294 1
6700071 6700848 1
6701625 6702402 1
6703179 6703956 1
6704733 6705510 1
6706287 6707064 1
6707841 6708618 1
6709395 6710172 1
6710949 6711726 1
6712503 6713280 1
6714057 6714834 1
6715611 6716388 1
6717165 6717942 1
6718719 6719496 1
6720273 6721050 1
6721827 6722604 1
6723381 6724158 1
6724935 6725712 1
6726489 6727266 1
6728043 6728820 1
6729597 6730374 1
6731151 6731928 1
6732705 6733482 1
6734259 6735036 1
6735813 6736590 1
6737367 6738144 1
6738921 6739698 1
6740475 6741252 1
6742029 6742806 1
6743583 6744360 1
6745137 6745914 1
6746691 6747468 1
6748245 6749022 1
6749799 6750576 1
6751353 6752130 1
6752907 6753684 1
6754461 6755238 1
6756015 6756792 1
6757569 6758346 1
6759123 6759900 1
6760677 6761454 1
6762231 6763008 1
6763785 6764562 1
6765339 6766116 1
6766893 6767670 1
6768447 6769224 1
6770001 6770778 1
6771555 6772332 1
6773109 6773886 1
6774663 6775440 1
6776217 6776994 1
6777771 6778548 1
6779325 6780102 1
6780879 6781656 1
6782433 6783210 1
6783987 6784764 1
6785541 6786318 1
6787095 6787872 1
6788649 6789426 1
6790203 6790980 1
6791757 6792534 1
6793311 6794088 1
6794865 6795642 1
6796419 6797196 1
6797973 6798750 1
6799527 6800304 1
6801081 6801858 1
6802635 6803412 1
6804189 6804966 1
6805743 6806520 1
6807297 6808074 1
6808851 6809628 1
6810405 6811182 1
6811959 6812736 1
6813513 6814290 1
6815067 6815844 1
6816621 6817398 1
6818175 6818952 1
6819729 6820506 1
6821283 6822060 1
6822837 6823614 1
6824391 6825168 1
6825945 6826722 1
6827499 6828276 1
6829053 6829830 1
6830607 6831384 1
6832161 6832938 1
6833715 6834492 1
6835269 6836046 1
6836823 6837600 1
6838377 6839154 1
6839931 6840708 1
6841485 6842262 1
6843039 6843816 1
6844593 6845370 1
6846147 6846924 1
6847701 6848478 1
6849255 6850032 1
6850809 6851586 1
6852363 6853140 1
6853917 6854694 1
6855471 6856248 1
6857025 6857802 1
6858579 6859356 1
6860133 6860910 1
6861687 6862464 1
6863241 6864018 1
6864795 6865572 1
6866349 6867126 1
6867903 6868680 1
6869457 6870234 1
6871011 6871788 1
6872565 6873342 1
6874119 6874896 1
6875673 6876450 1
6877227 6878004 1
6878781 6879558 1
6880335 6881112 1
6881889 6882666 1
6883443 6884220 1
6884997 6885774 1
6886551 6887328 1
6888105 6888882 1
6889659 6890436 1
6891213 6891990 1
6892767 6893544 1
6894321 6895098 1
6895875 6896652 1
6897429 6898206 1
6898983 6899760 1
6900537 6901314 1
6902091 6902868 1
6903645 6904422 1
6905199 6905976 1
6906753 6907530 1
6908307 6909084 1
6909861 6910638 1
6911415 6912192 1
6912969 6913746 1
6914523 6915300 1
6916077 6916854 1
6917631 6918408 1
6919185 6919962 1
6920739 6921516 1
6922293 6923070 1
6923847 6924624 1
6925401 6926178 1
6926955 6927732 1
6928509 6929286 1
6930063 6930840 1
6931617 6932394 1
6933171 6933948 1
6934725 6935502 1
6936279 6937056 1
6937833 6938610 1
6939387 6940164 1
6940941 6941718 1
6942495 6943272 1
6944049 6944826 1
6945603 6946380 1
6947157 6947934 1
6948711 6949488 1
6950265 6951042 1
6951819 6952596 1
6953373 6954150 1
6954927 6955704 1
6956481 6957258 1
6958035 6958812 1
6959589 6960366 1
6961143 6961920 1
6962697 6963474 1
6964251 6965028 1
6965805 6966582 1
6967359 6968136 1
6968913 6969690 1
6970467 6971244 1
6972021 6972798 1
6973575 6974352 1
6975129 6975906 1
6976683 6977460 1
6978237 6979014 1
6979791 6980568 1
6981345 6982122 1
6982899 6983676 1
6984453 6985230 1
6986007 6986784 1
6987561 6988338 1
6989115 6989892 1
6990669 6991446 1
6992223 6993000 1
6993777 6994554 1
6995331 6996108 1
6996885 6997662 1
6998439 6999216 1
6999993 7000770 1
7001547 7002324 1
7003101 7003878 1
7004655 7005432 1
7006209 7006986 1
7007763 7008540 1
7009317 7010094 1
7010871 7011648 1
7012425 7013202 1
7013979 7014756 1
7015533 7016310 1
7017087 7017864 1
7018641 7019418 1
7020195 7020972 1
7021749 7022526 1
7023303 7024080 1
7024857 7025634 1
7026411 7027188 1
7027965 7028742 1
7029519 7030296 1
7031073 7031850 1
7032627 7033404 1
7034181 7034958 1
7035735 7036512 1
7037289 7038066 1
7038843 7039620 1
7040397 7041174 1
7041951 7042728 1
7043505 7044282 1
7045059 7045836 1
7046613 7047390 1
7048167 7048944 1
7049721 7050498 1
7051275 7052052 1
7052829 7053606 1
7054383 7055160 1
7055937 7056714 1
7057491 7058268 1
7059045 7059822 1
7060599 7061376 1
7062153 7062930 1
7063707 7064484 1
7065261 7066038 1
7066815 7067592 1
7068369 7069146 1
7069923 7070700 1
7071477 7072254 1
7073031 7073808 1
7074585 7075362 1
7076139 7076916 1
7077693 7078470 1
7079247 7080024 1
7080801 7081578 1
7082355 7083132 1
7083909 7084686 1
7085463 7086240 1
7087017 7087794 1
7088571 7089348 1
7090125 7090902 1
7091679 7092456 1
7093233 7094010 1
7094787 7095564 1
7096341 7097118 1
7097895 7098672 1
7099449 7100226 1
7101003 7101780 1
7102557 7103334 1
7104111 7104888 1
7105665 7106442 1
7107219 7107996 1
7108773 7109550 1
7110327 7111104 1
7111881 7112658 1
7113435 7114212 1
7114989 7115766 1
7116543 7117320 1
7118097 7118874 1
7119651 7120428 1
7121205 7121982 1
7122759 7123536 1
7124313 7125090 1
7125867 7126644 1
7127421 7128198 1
7128975 7129752 1
7130529 7131306 1
7132083 7132860 1
7133637 7134414 1
7135191 7135968 1
7136745 7137522 1
7138299 7139076 1
7139853 7140630 1
7141407 7142184 1
7142961 7143738 1
7144515 7145292 1
7146069 7146846 1
7147623 7148400 1
7149177 7149954 1
7150731 7151508 1
7152285 7153062 1
7153839 7154616 1
7155393 7156170 1
7156947 7157724 1
7158501 7159278 1
7160055 7160832 1
7161609 7162386 1
7163163 7163940 1
7164717 7165494 1
7166271 7167048 1
7167825 7168602 1
7169379 7170156 1
7170933 7171710 1
7172487 7173264 1
7174041 7174818 1
7175595 7176372 1
7177149 7177926 1
7178703 7179480 1
7180257 7181034 1
7181811 7182588 1
7183365 7184142 1
7184919 7185696 1
7186473 7187250 1
7188027 7188804 1
7189581 7190358 1
7191135 7191912 1
7192689 7193466 1
7194243 7195020 1
7195797 7196574 1
7197351 7198128 1
7198905 7199682 1
7200459 7201236 1
7202013 7202790 1
7203567 7204344 1
7205121 7205898 1
7206675 7207452 1
7208229 7209006 1
7209783 7210560 1
7211337 7212114 1
7212891 7213668 1
7214445 7215222 1
7215999 7216776 1
7217553 7218330 1
7219107 7219884 1
7220661 7221438 1
7222215 7222992 1
7223769 7224546 1
7225323 7226100 1
7226877 7227654 1
7228431 7229208 1
7229985 7230762 1
7231539 7232316 1
7233093 7233870 1
7234647 7235424 1
7236201 7236978 1
7237755 7238532 1
7239309 7240086 1
7240863 7241640 1
7242417 7243194 1
7243971 7244748 1
7245525 7246302 1
7247079 7247856 1
7248633 7249410 1
7250187 7250964 1
7251741 7252518 1
7253295 7254072 1
7254849 7255626 1
7256403 7257180 1
7257957 7258734 1
7259511 7260288 1
7261065 7261842 1
7262619 7263396 1
7264173 7264950 1
7265727 7266504 1
7267281 7268058 1
7268835 7269612 1
7270389 7271166 1
7271943 7272720 1
7273497 7274274 1
7275051 7275828 1
7276605 7277382 1
7278159 7278936 1
7279713 7280490 1
7281267 7282044 1
7282821 7283598 1
7284375 7285152 1
7285929 7286706 1
7287483 7288260 1
7289037 7289814 1
7290591 7291368 1
7292145 7292922 1
7293699 7294476 1
7295253 7296030 1
7296807 7297584 1
7298361 7299138 1
7299915 7300692 1
7301469 7302246 1
7303023 7303800 1
7304577 7305354 1
7306131 7306908 1
7307685 7308462 1
7309239 7310016 1
7310793 7311570 1
7312347 7313124 1
7313901 7314678 1
7315455 7316232 1
7317009 7317786 1
7318563 7319340 1
7320117 7320894 1
7321671 7322448 1
7323225 7324002 1
7324779 7325556 1
7326333 7327110 1
7327887 7328664 1
7329441 7330218 1
7330995 7331772 1
7332549 7333326 1
7334103 7334880 1
7335657 7336434 1
7337211 7337988 1
7338765 7339542 1
7340319 7341096 1
7341873 7342650 1
7343427 7344204 1
7344981 7345758 1
7346535 7347312 1
7348089 7348866 1
7349643 7350420 1
7351197 7351974 1
7352751 7353528 1
7354305 7355082 1
7355859 7356636 1
7357413 7358190 1
7358967 7359744 1
7360521 7361298 1
7362075 7362852 1
7363629 7364406 1
7365183 7365960 1
7366737 7367514 1
7368291 7369068 1
7369845 7370622 1
7371399 7372176 1
7372953 7373730 1
7374507 7375284 1
7376061 7376838 1
7377615 7378392 1
7379169 7379946 1
7380723 7381500 1
7382277 7383054 1
7383831 7384608 1
7385385 7386162 1
7386939 7387716 1
7388493 7389270 1
7390047 7390824 1
7391601 7392378 1
7393155 7393932 1
7394709 7395486 1
7396263 7397040 1
7397817 7398594 1
7399371 7400148 1
7400925 7401702 1
7402479 7403256 1
7404033 7404810 1
7405587 7406364 1
7407141 7407918 1
7408695 7409472 1
7410249 7411026 1
7411803 7412580 1
7413357 7414134 1
7414911 7415688 1
7416465 7417242 1
7418019 7418796 1
7419573 7420350 1
7421127 7421904 1
7422681 7423458 1
7424235 7425012 1
7425789 7426566 1
7427343 7428120 1
7428897 7429674 1
7430451 7431228 1
7432005 7432782 1
7433559 7434336 1
7435113 7435890 1
7436667 7437444 1
7438221 7438998 1
7439775 7440552 1
7441329 7442106 1
7442883 7443660 1
7444437 7445214 1
7445991 7446768 1
7447545 7448322 1
7449099 7449876 1
7450653 7451430 1
7452207 7452984 1
7453761 7454538 1
7455315 7456092 1
7456869 7457646 1
7458423 7459200 1
7459977 7460754 1
7461531 7462308 1
7463085 7463862 1
7464639 7465416 1
7466193 7466970 1
7467747 7468524 1
7469301 7470078 1
7470855 7471632 1
7472409 7473186 1
7473963 7474740 1
7475517 7476294 1
7477071 7477848 1
7478625 7479402 1
7480179 7480956 1
7481733 7482510 1
7483287 7484064 1
7484841 7485618 1
7486395 7487172 1
7487949 7488726 1
7489503 7490280 1
7491057 7491834 1
7492611 7493388 1
7494165 7494942 1
7495719 7496496 1
7497273 7498050 1
7498827 7499604 1
7500381 7501158 1
7501935 7502712 1
7503489 7504266 1
7505043 7505820 1
7506597 7507374 1
7508151 7508928 1
7509705 7510482 1
7511259 7512036 1
7512813 7513590 1
7514367 7515144 1
7515921 7516698 1
7517475 7518252 1
7519029 7519806 1
7520583 7521360 1
7522137 7522914 1
7523691 7524468 1
7525245 7526022 1
7526799 7527576 1
7528353 7529130 1
7529907 7530684 1
7531461 7532238 1
7533015 7533792 1
7534569 7535346 1
7536123 7536900 1
7537677 7538454 1
7539231 7540008 1
7540785 7541562 1
7542339 7543116 1
7543893 7544670 1
7545447 7546224 1
7547001 7547778 1
7548555 7549332 1
7550109 7550886 1
7551663 7552440 1
7553217 7553994 1
7554771 7555548 1
7556325 7557102 1
7557879 7558656 1
7559433 7560210 1
7560987 7561764 1
7562541 7563318 1
7564095 7564872 1
7565649 7566426 1
7567203 7567980 1
7568757 7569534 1
7570311 7571088 1
7571865 7572642 1
7573419 7574196 1
7574973 7575750 1
7576527 7577304 1
7578081 7578858 1
7579635 7580412 1
7581189 7581966 1
7582743 7583520 1
7584297 7585074 1
7585851 7586628 1
7587405 7588182 1
7588959 7589736 1
7590513 7591290 1
7592067 7592844 1
7593621 7594398 1
7595175 7595952 1
7596729 7597506 1
7598283 7599060 1
7599837 7600614 1
7601391 7602168 1
7602945 7603722 1
7604499 7605276 1
7606053 7606830 1
7607607 7608384 1
7609161 7609938 1
7610715 7611492 1
7612269 7613046 1
7613823 7614600 1
7615377 7616154 1
7616931 7617708 1
7618485 7619262 1
7620039 7620816 1
7621593 7622370 1
7623147 7623924 1
7624701 7625478 1
7626255 7627032 1
7627809 7628586 1
7629363 7630140 1
7630917 7631694 1
7632471 7633248 1
7634025 7634802 1
7635579 7636356 1
7637133 7637910 1
7638687 7639464 1
7640241 7641018 1
7641795 7642572 1
7643349 7644126 1
7644903 7645680 1
7646457 7647234 1
7648011 7648788 1
7649565 7650342 1
7651119 7651896 1
7652673 7653450 1
7654227 7655004 1
7655781 7656558 1
7657335 7658112 1
7658889 7659666 1
7660443 7661220 1
7661997 7662774 1
7663551 7664328 1
7665105 7665882 1
7666659 7667436 1
7668213 7668990 1
7669767 7670544 1
7671321 7672098 1
7672875 7673652 1
7674429 7675206 1
7675983 7676760 1
7677537 7678314 1
7679091 7679868 1
7680645 7681422 1
7682199 7682976 1
7683753 7684530 1
7685307 7686084 1
7686861 7687638 1
7688415 7689192 1
7689969 7690746 1
7691523 7692300 1
777 241647 2
1558662 2099454 2
2452212 1244754 1
3275055 630924 1
543123 6468525 1
2256408 7056714 1
5959590 2522919 2
6494166 5523693 1
1250970 2535351 1
1897434 6351975 1
3706290 1147629 2
2210565 5944827 2
3789429 6830607 2
156177 1085469 1
3852366 167055 2
74592 5958036 2
5926956 5447547 2
1585080 5239311 2
7350420 4954929 2
1875678 5202015 1
661227 5940942 1
6782433 3923073 2
7332549 5268060 1
59052 5425791 2
5954928 5766117 1
1105671 7027965 2
4533018 6651897 2
2214450 721056 2
2154621 6748245 1
2101785 4182591 2
1341879 1208235 1
1365189 4437447 1
2194248 1199688 2
5689971 5742030 1
587412 459984 1
6119652 6199683 1
4708620 3360525 2
3799530 2625483 2
6285153 1087800 1
516705 463869 1
5177151 1750581 2
1958040 2815071 2
2420355 2422686 2
5325558 6946380 1
3682203 2281272 2
5696964 4246305 2
3167052 4170159 2
6773886 5146071 1
3629367 3105669 1
777 1554 2
